0 0.396875 0.5109375 0.30859375 0.6140625
0 0.0609375 0.0953125 0.121875 0.190625
0 0.20625 0.03359375 0.1140625 0.0671875
0 0.44453125 0.0484375 0.15 0.096875
0 0.88125 0.1015625 0.21015625 0.20234375
0 0.75390625 0.04453125 0.078125 0.08828125
11 0.08203125 0.06171875 0.0265625 0.12265625
9 0.38984375 0.609375 0.115625 0.284375
9 0.4171875 0.29609375 0.1875 0.0875
7 0.4390625 0.02734375 0.0703125 0.05390625
13 0.8921875 0.11953125 0.08125 0.1625
13 0.803125 0.08828125 0.03125 0.1453125
10 0.77421875 0.04453125 0.03671875 0.08828125
10 0.72734375 0.040625 0.0140625 0.08125
6 0.1921875 0.03359375 0.053125 0.0671875
6 0.2484375 0.028125 0.021875 0.05546875