0 0.340625 0.47578125 0.33125 0.528125
0 0.36796875 0.1375 0.1515625 0.2125
0 0.6515625 0.15625 0.1046875 0.0765625
0 0.7859375 0.128125 0.184375 0.215625
0 0.94296875 0.32734375 0.1140625 0.4109375
0 0.9046875 0.165625 0.1265625 0.1453125
6 0.34296875 0.49140625 0.19375 0.3296875
6 0.371875 0.25 0.1515625 0.0515625
5 0.36484375 0.1578125 0.084375 0.1609375
7 0.80234375 0.11484375 0.071875 0.159375
7 0.728125 0.1078125 0.0390625 0.146875
11 0.97734375 0.3109375 0.0453125 0.265625
3 0.92109375 0.1703125 0.04375 0.0953125
2 0.86796875 0.16640625 0.0296875 0.0859375
13 0.66640625 0.1734375 0.0203125 0.0390625