0 0.071875 0.20390625 0.1375 0.25
0 0.2984375 0.259375 0.1203125 0.1109375
0 0.5 0.4203125 0.1875 0.3140625
0 0.4171875 0.29375 0.0734375 0.0609375
0 0.59296875 0.23984375 0.121875 0.1875
0 0.96171875 0.68359375 0.0765625 0.396875
0 0.94609375 0.38515625 0.1078125 0.2234375
0 0.6640625 0.2640625 0.04375 0.0765625
0 0.87421875 0.3703125 0.0625 0.096875
2 0.0828125 0.2140625 0.0625 0.1671875
9 0.275 0.26875 0.034375 0.06875
9 0.33671875 0.27578125 0.0234375 0.075
13 0.48515625 0.43203125 0.078125 0.184375
13 0.571875 0.4203125 0.0265625 0.184375
7 0.5796875 0.2359375 0.053125 0.13125
7 0.63828125 0.23828125 0.01875 0.1265625
12 0.40703125 0.3015625 0.01875 0.0328125
5 0.97265625 0.39453125 0.0546875 0.1390625
10 0.95703125 0.66796875 0.04375 0.1875
5 0.9140625 0.378125 0.028125 0.13125
6 0.88515625 0.38828125 0.0359375 0.0609375