0 0.196875 0.51328125 0.18984375 0.259375
0 0.20625 0.3703125 0.11171875 0.0421875
0 0.5671875 0.7890625 0.23046875 0.421875
0 0.74453125 0.50859375 0.13515625 0.2234375
0 0.4296875 0.36640625 0.11953125 0.1640625
0 0.56953125 0.40078125 0.08203125 0.07421875
0 0.3546875 0.40859375 0.03046875 0.015625
0 0.82265625 0.509375 0.03359375 0.10078125
13 0.146875 0.51640625 0.040625 0.1546875
13 0.24375 0.5109375 0.04765625 0.165625
7 0.40234375 0.3640625 0.0375 0.11640625
7 0.46328125 0.3671875 0.0296875 0.11484375
10 0.52734375 0.809375 0.0734375 0.21953125
10 0.64921875 0.8015625 0.03046875 0.23046875
10 0.5703125 0.61875 0.103125 0.0453125
5 0.734375 0.50703125 0.06328125 0.14453125
11 0.55546875 0.409375 0.01796875 0.04921875
11 0.59765625 0.41171875 0.00859375 0.05
6 0.83046875 0.5234375 0.01171875 0.0703125