0 0.09375 0.32734375 0.1875 0.3890625
0 0.28984375 0.09921875 0.1890625 0.1984375
0 0.41640625 0.11875 0.10625 0.1046875
0 0.590625 0.29765625 0.3046875 0.4484375
0 0.6765625 0.06796875 0.13125 0.103125
0 0.95625 0.25078125 0.0875 0.2359375
0 0.95078125 0.13828125 0.0984375 0.1203125
6 0.0828125 0.32109375 0.1234375 0.2359375
6 0.08046875 0.153125 0.0390625 0.03125
5 0.27109375 0.0828125 0.0796875 0.1453125
5 0.34609375 0.09453125 0.046875 0.1328125
10 0.4078125 0.13203125 0.034375 0.0609375
7 0.67421875 0.06640625 0.05 0.084375
11 0.584375 0.3203125 0.1109375 0.2671875
11 0.634375 0.1078125 0.05 0.0296875
9 0.9640625 0.2359375 0.05 0.1390625
2 0.92890625 0.11953125 0.0296875 0.078125
3 0.9765625 0.128125 0.046875 0.08125