0 0.35546875 0.3828125 0.16796875 0.24765625
0 0.165625 0.22421875 0.11484375 0.16796875
0 0.66953125 0.734375 0.2984375 0.50546875
0 0.9359375 0.446875 0.12734375 0.275
0 0.61328125 0.26640625 0.1328125 0.17890625
0 0.41328125 0.2890625 0.09609375 0.07578125
0 0.790625 0.32265625 0.10546875 0.08203125
13 0.38671875 0.38984375 0.05 0.1546875
13 0.30078125 0.3828125 0.02734375 0.14921875
2 0.17578125 0.23125 0.04765625 0.11640625
4 0.11796875 0.23125 0.01328125 0.10546875
10 0.59375 0.721875 0.071875 0.2421875
10 0.74609375 0.74921875 0.0578125 0.26875
10 0.67109375 0.52265625 0.1015625 0.05546875
5 0.95234375 0.4421875 0.0859375 0.17578125
11 0.77109375 0.3296875 0.01875 0.04765625
11 0.825 0.334375 0.0109375 0.05703125
7 0.57734375 0.26484375 0.03359375 0.11796875
7 0.64375 0.26640625 0.0328125 0.1203125