0 0.21796875 0.5828125 0.275 0.45078125
0 0.86640625 0.67734375 0.2640625 0.6453125
0 0.45546875 0.1453125 0.14765625 0.24609375
0 0.89140625 0.1203125 0.19140625 0.240625
0 0.59375 0.0953125 0.10078125 0.1453125
12 0.16796875 0.6328125 0.0625 0.19140625
12 0.296875 0.5921875 0.04921875 0.196875
12 0.20703125 0.43515625 0.10703125 0.09765625
9 0.915625 0.48828125 0.16875 0.1046875
9 0.909375 0.83046875 0.153125 0.30703125
7 0.8796875 0.0953125 0.0859375 0.190625
11 0.434375 0.16171875 0.02578125 0.1359375
11 0.50703125 0.14453125 0.01328125 0.1359375
11 0.453125 0.0421875 0.06640625 0.01875
6 0.57890625 0.1171875 0.04296875 0.09140625
6 0.63046875 0.11171875 0.01796875 0.1046875
6 0.59375 0.0390625 0.06015625 0.02265625