0 0.0921875 0.11328125 0.184375 0.22578125
0 0.4953125 0.07109375 0.146875 0.1421875
0 0.25859375 0.0546875 0.1140625 0.109375
0 0.9140625 0.1265625 0.17109375 0.25234375
0 0.80859375 0.06796875 0.0890625 0.1359375
0 0.4640625 0.55390625 0.2984375 0.6125
9 0.453125 0.64765625 0.11328125 0.284375
9 0.4828125 0.33828125 0.184375 0.0859375
11 0.05703125 0.11875 0.0375 0.15078125
11 0.146875 0.08984375 0.02578125 0.1484375
6 0.24765625 0.0640625 0.05078125 0.08828125
6 0.30078125 0.053125 0.0234375 0.09765625
7 0.49140625 0.05 0.0703125 0.1
13 0.9515625 0.16953125 0.084375 0.1640625
13 0.94375 0.01953125 0.0546875 0.03671875
13 0.85859375 0.134375 0.034375 0.146875
10 0.82734375 0.08984375 0.03984375 0.08984375
10 0.7765625 0.07578125 0.0140625 0.103125