0 0.06171875 0.4171875 0.1234375 0.371875
0 0.2078125 0.1375 0.15078125 0.20078125
0 0.3390625 0.14453125 0.090625 0.0875
0 0.546875 0.2828125 0.225 0.41015625
0 0.5828125 0.040625 0.11640625 0.08046875
0 0.9359375 0.153125 0.128125 0.21328125
0 0.8828125 0.04921875 0.1125 0.0984375
6 0.0546875 0.41171875 0.07890625 0.225
6 0.0171875 0.24765625 0.034375 0.025
5 0.1890625 0.13984375 0.05234375 0.1375
5 0.26484375 0.13515625 0.0203125 0.13203125
10 0.33359375 0.159375 0.02265625 0.05703125
7 0.58046875 0.03984375 0.034375 0.0796875
11 0.5453125 0.30703125 0.05703125 0.26171875
11 0.55 0.08828125 0.04765625 0.01953125
9 0.97421875 0.1546875 0.0515625 0.14375
9 0.89921875 0.1453125 0.02265625 0.1375
2 0.840625 0.03828125 0.0140625 0.0765625
3 0.89140625 0.0375 0.0375 0.075