0 0.0703125 0.5609375 0.140625 0.378125
0 0.225 0.2453125 0.1546875 0.2109375
0 0.49296875 0.47421875 0.2625 0.459375
0 0.36328125 0.22421875 0.09375 0.103125
0 0.57578125 0.15 0.1421875 0.228125
0 0.93671875 0.2578125 0.1109375 0.2375
0 0.909375 0.09453125 0.13125 0.1609375
6 0.059375 0.56015625 0.096875 0.2109375
6 0.01953125 0.40625 0.0390625 0.046875
11 0.48515625 0.515625 0.06875 0.24375
11 0.48828125 0.28671875 0.0625 0.0484375
5 0.203125 0.25390625 0.05625 0.13125
5 0.27578125 0.24140625 0.0328125 0.1265625
10 0.3546875 0.24375 0.0296875 0.0625
7 0.5671875 0.1515625 0.0671875 0.153125
9 0.9125 0.2515625 0.03125 0.1421875
9 0.975 0.28828125 0.03125 0.1140625
3 0.9140625 0.09765625 0.0515625 0.1046875
2 0.86171875 0.10234375 0.0265625 0.103125