0 0.09375 0.6453125 0.1875 0.378125
0 0.18828125 0.28125 0.1890625 0.2328125
0 0.43359375 0.5109375 0.3515625 0.4984375
0 0.32734375 0.21875 0.1109375 0.1234375
0 0.5015625 0.11953125 0.184375 0.2390625
0 0.88359375 0.1390625 0.1390625 0.265625
0 0.83515625 0.025 0.1203125 0.05
6 0.07265625 0.65078125 0.1328125 0.21875
6 0.01640625 0.51171875 0.0328125 0.0484375
11 0.43046875 0.5640625 0.10625 0.2390625
11 0.4 0.3359375 0.08125 0.08125
11 0.53515625 0.4765625 0.06875 0.225
5 0.16953125 0.29921875 0.0765625 0.134375
5 0.2359375 0.26796875 0.059375 0.1296875
10 0.32109375 0.23984375 0.04375 0.0734375
7 0.4890625 0.12109375 0.09375 0.1625
3 0.85390625 0.0125 0.0796875 0.025
9 0.86328125 0.140625 0.059375 0.15
7 0.553125 0.0953125 0.05 0.1515625