0 0.4765625 0.17421875 0.190625 0.3484375
0 0.06953125 0.284375 0.1390625 0.1875
0 0.7375 0.725 0.525 0.55
0 0.92890625 0.28671875 0.1421875 0.3078125
0 0.73359375 0.22734375 0.121875 0.153125
12 0.046875 0.309375 0.0515625 0.12421875
12 0.11953125 0.290625 0.0234375 0.13203125
12 0.053125 0.20703125 0.084375 0.02265625
7 0.48046875 0.17890625 0.0890625 0.23671875
13 0.734375 0.6171875 0.3359375 0.15703125
13 0.515625 0.8875 0.04921875 0.225
6 0.746875 0.253125 0.04921875 0.096875
6 0.7328125 0.1703125 0.06171875 0.0265625
6 0.6859375 0.21640625 0.0234375 0.05703125
5 0.91953125 0.290625 0.06640625 0.1828125