0 0.0515625 0.2921875 0.103125 0.38125
0 0.17734375 0.06640625 0.1515625 0.1328125
0 0.578125 0.184375 0.2328125 0.36875
0 0.30390625 0.04765625 0.09140625 0.08984375
0 0.9234375 0.09296875 0.15234375 0.18515625
0 0.83125 0.01484375 0.06875 0.0296875
6 0.0375 0.28828125 0.07421875 0.240625
11 0.5734375 0.1796875 0.05859375 0.278125
9 0.953125 0.08125 0.05078125 0.146875
9 0.87734375 0.0703125 0.02578125 0.13515625
5 0.15703125 0.0515625 0.05625 0.103125
5 0.2359375 0.04765625 0.02109375 0.0953125
10 0.29921875 0.0625 0.0234375 0.059375