0 0.28046875 0.49375 0.365625 0.50625
0 0.84765625 0.73046875 0.3046875 0.5390625
0 0.61640625 0.1421875 0.203125 0.278125
0 0.965625 0.24453125 0.06875 0.2734375
0 0.75625 0.13203125 0.1421875 0.1734375
12 0.221875 0.5265625 0.1 0.2046875
12 0.3515625 0.53125 0.0890625 0.203125
12 0.31171875 0.35078125 0.121875 0.11875
11 0.5890625 0.14765625 0.059375 0.140625
11 0.665625 0.153125 0.046875 0.1375
11 0.6421875 0.03515625 0.0703125 0.0375
6 0.73671875 0.1484375 0.0671875 0.1046875
6 0.7875 0.1578125 0.046875 0.1078125
6 0.771875 0.07578125 0.0671875 0.040625
9 0.865625 0.9390625 0.103125 0.121875
9 0.9640625 0.61328125 0.059375 0.0703125