0 0.3375 0.38125 0.27421875 0.421875
0 0.16328125 0.271875 0.0859375 0.1890625
0 0.50859375 0.17734375 0.13046875 0.20625
0 0.3328125 0.146875 0.08984375 0.06328125
0 0.92265625 0.31328125 0.1546875 0.2359375
5 0.3078125 0.3828125 0.11015625 0.28671875
5 0.45234375 0.37265625 0.028125 0.26171875
13 0.16796875 0.275 0.0390625 0.12734375
7 0.49921875 0.17265625 0.05078125 0.15234375
7 0.5625 0.175 0.0125 0.14140625
2 0.3171875 0.15703125 0.03125 0.03984375
3 0.365625 0.15859375 0.0140625 0.03984375
11 0.953125 0.3140625 0.04296875 0.15703125
6 0.9828125 0.63671875 0.034375 0.2953125
11 0.86484375 0.30859375 0.0203125 0.14453125
0 0.80859375 0.325 0.090625 0.08828125
12 0.815625 0.33515625 0.02890625 0.0671875