0 0.1328125 0.2921875 0.221875 0.2921875
0 0.11015625 0.1328125 0.1328125 0.0640625
0 0.36640625 0.1734375 0.1359375 0.1890625
0 0.51796875 0.60390625 0.2328125 0.4015625
0 0.665625 0.36484375 0.1359375 0.221875
0 0.490625 0.2359375 0.0875 0.0859375
0 0.27109375 0.2078125 0.05625 0.0203125
0 0.721875 0.37578125 0.0265625 0.0859375
10 0.48984375 0.61796875 0.08125 0.2015625
10 0.5375 0.45078125 0.1015625 0.0546875
10 0.5953125 0.61796875 0.0359375 0.2
13 0.18984375 0.303125 0.05625 0.171875
13 0.0828125 0.29375 0.0640625 0.1703125
7 0.3390625 0.17109375 0.0484375 0.1296875
7 0.4015625 0.1828125 0.034375 0.121875
5 0.65859375 0.3640625 0.06875 0.1359375
11 0.47734375 0.2421875 0.0234375 0.053125