0 0.5921875 0.54921875 0.2171875 0.3859375
0 0.15625 0.2828125 0.2359375 0.3
0 0.08671875 0.13984375 0.1296875 0.1015625
0 0.3609375 0.1328125 0.1375 0.1921875
0 0.471875 0.17890625 0.0859375 0.08125
0 0.68359375 0.290625 0.1296875 0.209375
13 0.11953125 0.28359375 0.0671875 0.18125
13 0.22578125 0.28359375 0.05 0.1796875
10 0.5796875 0.5671875 0.0921875 0.2
10 0.61015625 0.3953125 0.1109375 0.0453125
5 0.67890625 0.2921875 0.0671875 0.1328125
7 0.3421875 0.12890625 0.0515625 0.128125
7 0.40390625 0.1375 0.03125 0.1203125
9 0.0484375 0.14765625 0.034375 0.06875
11 0.4609375 0.18984375 0.021875 0.0484375