0 0.696875 0.50234375 0.390625 0.5125
0 0.08046875 0.503125 0.1609375 0.4625
0 0.2875 0.26953125 0.196875 0.2421875
0 0.39609375 0.1875 0.121875 0.153125
0 0.66796875 0.25859375 0.1671875 0.2296875
0 0.5828125 0.28984375 0.0421875 0.06875
0 0.87109375 0.45625 0.059375 0.0890625
0 0.9546875 0.4734375 0.090625 0.234375
10 0.053125 0.48671875 0.10625 0.2578125
13 0.27421875 0.26796875 0.08125 0.153125
13 0.3453125 0.2859375 0.046875 0.13125
2 0.38515625 0.1890625 0.0578125 0.103125
3 0.43125 0.20078125 0.0296875 0.0859375
7 0.67578125 0.2203125 0.0546875 0.0875
5 0.6953125 0.5046875 0.209375 0.3421875
11 0.97265625 0.46875 0.053125 0.1375