0 0.40859375 0.37734375 0.4640625 0.6359375
0 0.07109375 0.44296875 0.1421875 0.1546875
0 0.79296875 0.4484375 0.2375 0.265625
0 0.928125 0.4828125 0.1234375 0.1671875
4 0.30234375 0.3703125 0.1171875 0.3625
2 0.5015625 0.39609375 0.153125 0.38125
8 0.07265625 0.46953125 0.0484375 0.0609375
8 0.0765625 0.403125 0.0875 0.0484375
9 0.759375 0.4578125 0.0875 0.1609375
9 0.865625 0.48671875 0.0515625 0.178125
9 0.809375 0.3453125 0.0734375 0.0390625
12 0.8984375 0.49375 0.0484375 0.1
12 0.96171875 0.509375 0.03125 0.1125