0 0.08828125 0.378125 0.1765625 0.27265625
0 0.6125 0.4953125 0.2734375 0.4984375
0 0.51015625 0.25859375 0.12734375 0.2421875
0 0.8453125 0.37265625 0.16484375 0.2328125
7 0.60703125 0.56640625 0.1171875 0.25
7 0.60390625 0.30859375 0.16484375 0.07578125
11 0.51015625 0.159375 0.0296875 0.040625
12 0.08203125 0.41328125 0.0578125 0.14453125
12 0.0859375 0.27734375 0.096875 0.0328125
12 0.15546875 0.37265625 0.028125 0.13984375
6 0.86328125 0.4046875 0.06953125 0.11875
6 0.78984375 0.36328125 0.03984375 0.128125
6 0.853125 0.28671875 0.08203125 0.05546875