0 0.4125 0.52734375 0.359375 0.6375
0 0.05546875 0.13671875 0.1109375 0.2078125
0 0.41484375 0.05859375 0.1578125 0.1171875
0 0.178125 0.0640625 0.11875 0.084375
0 0.85390625 0.09296875 0.2265625 0.1859375
0 0.725 0.03984375 0.0875 0.0796875
6 0.1640625 0.065625 0.0609375 0.08125
6 0.21796875 0.05546875 0.0296875 0.0671875
9 0.41171875 0.6234375 0.1390625 0.290625
9 0.4125 0.3109375 0.1921875 0.1
11 0.0578125 0.103125 0.0390625 0.134375
7 0.409375 0.03828125 0.0765625 0.06875
7 0.48203125 0.0234375 0.0125 0.046875
13 0.8703125 0.09453125 0.0953125 0.1703125
13 0.77734375 0.07265625 0.0453125 0.1453125
10 0.7453125 0.0359375 0.04375 0.071875
10 0.69609375 0.0359375 0.0234375 0.071875