0 0.10625 0.296875 0.2125 0.33203125
0 0.253125 0.21015625 0.1 0.07421875
0 0.45390625 0.1578125 0.14296875 0.2
0 0.59140625 0.22109375 0.09765625 0.06328125
0 0.5859375 0.6671875 0.34453125 0.61015625
0 0.82890625 0.30703125 0.18515625 0.275
0 0.91484375 0.33203125 0.01875 0.103125
5 0.13125 0.2953125 0.08046875 0.2171875
5 0.01328125 0.2921875 0.02578125 0.221875
13 0.21484375 0.22421875 0.01015625 0.04921875
13 0.2765625 0.22421875 0.0140625 0.04375
9 0.57421875 0.23125 0.0265625 0.04765625
9 0.62265625 0.23359375 0.01640625 0.04609375
11 0.81328125 0.296875 0.0484375 0.18125
11 0.90703125 0.30546875 0.015625 0.171875
6 0.521875 0.665625 0.1359375 0.35703125
6 0.59453125 0.4 0.1890625 0.04921875
6 0.70234375 0.6515625 0.071875 0.353125
7 0.42109375 0.1578125 0.0390625 0.1359375
7 0.49296875 0.15859375 0.03359375 0.1375