0 0.1703125 0.13359375 0.234375 0.2671875
0 0.56875 0.44140625 0.253125 0.3484375
0 0.39609375 0.23671875 0.1390625 0.1359375
0 0.69140625 0.27734375 0.1609375 0.2125
0 0.75390625 0.32109375 0.0546875 0.0828125
0 0.9671875 0.496875 0.065625 0.225
0 0.9421875 0.47421875 0.0921875 0.109375
13 0.5515625 0.4453125 0.11875 0.2
13 0.6421875 0.45390625 0.0640625 0.190625
2 0.20625 0.1421875 0.09375 0.1734375
4 0.1046875 0.12109375 0.078125 0.175
7 0.68125 0.26640625 0.078125 0.1296875
9 0.371875 0.234375 0.0484375 0.075
9 0.428125 0.2578125 0.0359375 0.0734375
6 0.95078125 0.49140625 0.0546875 0.071875
5 0.97734375 0.49375 0.0453125 0.1375
12 0.4890625 0.30078125 0.025 0.03125
0 0.5 0.2921875 0.0875 0.06875