0 0.07578125 0.44296875 0.1515625 0.3765625
0 0.2671875 0.1828125 0.153125 0.2078125
0 0.53671875 0.40625 0.253125 0.4390625
0 0.39765625 0.1953125 0.0921875 0.09375
0 0.63203125 0.13984375 0.1375 0.2203125
0 0.94296875 0.15234375 0.1140625 0.1609375
0 0.95234375 0.30078125 0.0953125 0.2265625
6 0.07265625 0.44453125 0.0921875 0.21875
6 0.04296875 0.2875 0.0609375 0.05
11 0.5296875 0.4359375 0.071875 0.253125
11 0.56015625 0.22109375 0.05625 0.0359375
7 0.62578125 0.13515625 0.06875 0.153125
10 0.3875 0.21015625 0.0296875 0.059375
5 0.2453125 0.1859375 0.0578125 0.134375
5 0.31796875 0.18671875 0.03125 0.125
9 0.9421875 0.2875 0.0328125 0.1375
9 0.99375 0.3296875 0.0125 0.1125
2 0.95546875 0.15546875 0.0515625 0.0953125
3 0.903125 0.15390625 0.0234375 0.1