0 0.3828125 0.23046875 0.21484375 0.30390625
0 0.0484375 0.49296875 0.096875 0.18671875
0 0.59921875 0.2609375 0.12265625 0.11484375
0 0.696875 0.28515625 0.06953125 0.059375
0 0.9734375 0.421875 0.053125 0.403125
0 0.965625 0.175 0.06796875 0.22421875
8 0.046875 0.50234375 0.028125 0.11875
8 0.03359375 0.41640625 0.0671875 0.02890625
4 0.3390625 0.25078125 0.05 0.20234375
2 0.446875 0.23515625 0.04609375 0.20078125
9 0.58125 0.27734375 0.0390625 0.0703125
9 0.64765625 0.27265625 0.01484375 0.084375
12 0.68125 0.30078125 0.0234375 0.0328125
12 0.99296875 0.1578125 0.01328125 0.14140625