0 0.23671875 0.63046875 0.3484375 0.4921875
0 0.85234375 0.6109375 0.2953125 0.68125
0 0.39453125 0.15859375 0.1875 0.26875
0 0.81953125 0.09609375 0.2296875 0.1921875
0 0.521875 0.08515625 0.125 0.1609375
12 0.19609375 0.68828125 0.0953125 0.2
12 0.315625 0.62578125 0.0828125 0.203125
12 0.2 0.48671875 0.121875 0.1140625
9 0.90703125 0.41640625 0.184375 0.1328125
9 0.92890625 0.75390625 0.1421875 0.3296875
7 0.80390625 0.06796875 0.1171875 0.1359375
11 0.3765625 0.178125 0.0484375 0.1390625
11 0.4453125 0.1484375 0.0359375 0.1359375
11 0.37421875 0.05703125 0.06875 0.0296875
6 0.5109375 0.109375 0.0578125 0.096875
6 0.5609375 0.0953125 0.0359375 0.10625
6 0.5125 0.0296875 0.0625 0.0328125