0 0.121875 0.1734375 0.2046875 0.2671875
0 0.559375 0.4328125 0.2140625 0.33125
0 0.36015625 0.25390625 0.128125 0.121875
0 0.65859375 0.253125 0.1375 0.2
0 0.7265625 0.2875 0.04375 0.0796875
0 0.971875 0.42890625 0.05625 0.2234375
0 0.934375 0.4125 0.08125 0.1015625
13 0.54375 0.43828125 0.0953125 0.19375
13 0.634375 0.434375 0.0390625 0.1921875
2 0.159375 0.18671875 0.071875 0.1703125
4 0.05625 0.1796875 0.05625 0.1734375
7 0.646875 0.24375 0.0625 0.125
9 0.33671875 0.2546875 0.0390625 0.071875
9 0.3953125 0.26953125 0.0265625 0.071875
6 0.9453125 0.42890625 0.046875 0.06875
5 0.97890625 0.4265625 0.040625 0.1375
12 0.46171875 0.30390625 0.021875 0.028125
0 0.47109375 0.29453125 0.0828125 0.059375