0 0.15859375 0.23984375 0.3078125 0.38125
0 0.475 0.10546875 0.153125 0.2109375
0 0.378125 0.115625 0.06875 0.125
0 0.78828125 0.61328125 0.346875 0.5828125
0 0.87109375 0.24921875 0.1828125 0.225
0 0.578125 0.1703125 0.078125 0.071875
5 0.23515625 0.2390625 0.0828125 0.2390625
5 0.08984375 0.23203125 0.0875 0.25
6 0.77578125 0.62421875 0.196875 0.3421875
6 0.8140625 0.36875 0.1890625 0.0625
7 0.4515625 0.10078125 0.0546875 0.1453125
7 0.521875 0.10625 0.0328125 0.14375
2 0.37421875 0.11796875 0.034375 0.0875
9 0.55703125 0.18203125 0.03125 0.04375
9 0.60078125 0.18203125 0.015625 0.0484375
11 0.865625 0.259375 0.05625 0.16875