0 0.3890625 0.1078125 0.134375 0.18125
0 0.484375 0.284375 0.215625 0.2734375
0 0.61953125 0.7078125 0.4546875 0.584375
0 0.6015625 0.24140625 0.1109375 0.096875
0 0.79375 0.26640625 0.1984375 0.2296875
0 0.9484375 0.428125 0.103125 0.1875
0 0.9796875 0.57265625 0.040625 0.1609375
13 0.5015625 0.3 0.0921875 0.165625
13 0.42734375 0.26796875 0.0578125 0.15
2 0.3921875 0.11484375 0.071875 0.121875
9 0.6109375 0.25546875 0.04375 0.0609375
10 0.5234375 0.65703125 0.11875 0.259375
10 0.66640625 0.75234375 0.1578125 0.3015625
10 0.671875 0.49140625 0.103125 0.0796875
7 0.75234375 0.24921875 0.0671875 0.1359375
7 0.81953125 0.27421875 0.078125 0.1421875
11 0.96484375 0.39609375 0.034375 0.0546875