0 0.19765625 0.4625 0.3828125 0.484375
0 0.02421875 0.52265625 0.0484375 0.2015625
0 0.10390625 0.178125 0.190625 0.225
0 0.26796875 0.0859375 0.1109375 0.1078125
0 0.3875 0.0765625 0.16875 0.153125
0 0.4828125 0.01484375 0.078125 0.0296875
0 0.80859375 0.096875 0.2171875 0.19375
0 0.8703125 0.58515625 0.259375 0.5984375
11 0.16953125 0.52890625 0.09375 0.209375
11 0.28359375 0.43984375 0.08125 0.209375
11 0.1546875 0.30859375 0.1125 0.0921875
12 0.89921875 0.403125 0.1921875 0.11875
12 0.9375 0.6671875 0.125 0.25
7 0.365625 0.0640625 0.0703125 0.0984375
7 0.43515625 0.04296875 0.0390625 0.0828125
9 0.80625 0.07109375 0.096875 0.1421875
5 0.08359375 0.19765625 0.065625 0.1265625
5 0.146875 0.1640625 0.0578125 0.125
10 0.25859375 0.0984375 0.0203125 0.034375
13 0.4625 0.0171875 0.034375 0.034375