0 0.0125 0.23515625 0.025 0.2234375
0 0.19921875 0.265625 0.1328125 0.1140625
0 0.35859375 0.3875 0.2140625 0.3078125
0 0.4734375 0.20546875 0.1359375 0.1921875
0 0.8796875 0.5921875 0.240625 0.43125
0 0.846875 0.3015625 0.1640625 0.2265625
0 0.77265625 0.296875 0.0390625 0.090625
0 0.5640625 0.225 0.071875 0.08125
10 0.89453125 0.615625 0.1203125 0.2234375
10 0.87734375 0.4265625 0.140625 0.0625
13 0.33359375 0.4 0.0796875 0.184375
13 0.42421875 0.37890625 0.046875 0.1796875
9 0.1765625 0.275 0.0390625 0.06875
9 0.23671875 0.27421875 0.0328125 0.075
5 0.8484375 0.30390625 0.084375 0.14375
11 0.55 0.2359375 0.0234375 0.0515625
7 0.4546875 0.20703125 0.0609375 0.1265625
7 0.515625 0.19921875 0.0296875 0.1234375