0 0.09765625 0.32265625 0.1953125 0.4046875
0 0.42578125 0.28203125 0.1046875 0.18359375
0 0.60625 0.37890625 0.184375 0.29765625
0 0.0953125 0.11171875 0.11875 0.02265625
0 0.89140625 0.85859375 0.2171875 0.2828125
0 0.17890625 0.8921875 0.3578125 0.215625
7 0.08984375 0.353125 0.10859375 0.2328125
7 0.07265625 0.15078125 0.1453125 0.0390625
5 0.55078125 0.39140625 0.0421875 0.15859375
5 0.6375 0.40234375 0.0578125 0.153125
5 0.61875 0.265625 0.0734375 0.05546875
6 0.4390625 0.3015625 0.04921875 0.10546875
6 0.42734375 0.2078125 0.0546875 0.034375
6 0.384375 0.2859375 0.01875 0.10859375
10 0.95390625 0.86015625 0.0921875 0.09921875