7 0.17109375 0.20625 0.296875 0.3796875
7 0.33125 0.15546875 0.1046875 0.0921875
7 0.53828125 0.15234375 0.1828125 0.228125
7 0.5765625 0.6765625 0.46875 0.646875
7 0.653125 0.246875 0.1125 0.0875
7 0.87265625 0.38828125 0.24375 0.3078125
5 0.2015625 0.2125 0.1265625 0.234375
5 0.0796875 0.18046875 0.0875 0.228125
6 0.5203125 0.6703125 0.2171875 0.3796875
6 0.69296875 0.7 0.146875 0.3546875
6 0.6421875 0.42890625 0.1984375 0.0953125
7 0.50625 0.1453125 0.0703125 0.14375
7 0.57578125 0.16328125 0.059375 0.140625
13 0.346875 0.17421875 0.0234375 0.046875
9 0.63359375 0.25234375 0.034375 0.046875
9 0.68046875 0.26328125 0.025 0.0453125
11 0.86171875 0.375 0.0875 0.1828125
11 0.94765625 0.40859375 0.0515625 0.171875