0 0.18828125 0.48984375 0.2359375 0.2890625
0 0.6078125 0.69140625 0.29375 0.4359375
0 0.7125 0.40234375 0.1703125 0.2390625
0 0.15234375 0.3484375 0.11875 0.0640625
0 0.30859375 0.36875 0.0421875 0.0234375
0 0.37890625 0.31171875 0.1515625 0.1921875
0 0.51640625 0.328125 0.096875 0.09375
0 0.78046875 0.390625 0.0484375 0.1046875
10 0.5765625 0.7078125 0.1078125 0.209375
10 0.5828125 0.528125 0.103125 0.0625
10 0.6859375 0.68125 0.0671875 0.20625
13 0.14453125 0.50390625 0.0703125 0.159375
13 0.23828125 0.4828125 0.0734375 0.16875
7 0.35390625 0.31484375 0.059375 0.1234375
7 0.4140625 0.3109375 0.0484375 0.1171875
11 0.50625 0.33828125 0.0265625 0.0515625
11 0.54765625 0.334375 0.0171875 0.0546875
5 0.70234375 0.40390625 0.0890625 0.146875