0 0.1734375 0.4578125 0.3421875 0.453125
0 0.153125 0.159375 0.1671875 0.2109375
0 0.01796875 0.4703125 0.0359375 0.178125
0 0.428125 0.0859375 0.165625 0.171875
0 0.321875 0.0859375 0.0828125 0.0921875
0 0.53984375 0.0328125 0.0953125 0.065625
0 0.8453125 0.134375 0.196875 0.26875
0 0.846875 0.67734375 0.30625 0.5859375
11 0.1296875 0.51484375 0.071875 0.203125
11 0.2515625 0.446875 0.0625 0.2046875
11 0.14296875 0.3046875 0.1125 0.0828125
5 0.128125 0.1796875 0.0546875 0.11875
5 0.1953125 0.15625 0.0484375 0.125
7 0.403125 0.0703125 0.0640625 0.128125
7 0.47734375 0.05703125 0.0390625 0.1140625
12 0.85 0.5046875 0.1828125 0.1109375
12 0.8625 0.77734375 0.11875 0.2515625
9 0.8421875 0.1375 0.08125 0.16875
9 0.83515625 0.01015625 0.0609375 0.0203125
13 0.52109375 0.03125 0.0359375 0.0625
13 0.57109375 0.028125 0.0203125 0.05625