0 0.29140625 0.15 0.09609375 0.1625
0 0.42890625 0.29609375 0.15859375 0.240625
0 0.67109375 0.6765625 0.328125 0.53046875
0 0.53125 0.22421875 0.09375 0.07578125
0 0.7234375 0.1984375 0.153125 0.19609375
0 0.940625 0.3078125 0.11796875 0.1625
0 0.99140625 0.44375 0.015625 0.1625
13 0.45 0.30625 0.053125 0.15703125
13 0.36953125 0.29453125 0.0203125 0.14921875
2 0.29609375 0.15625 0.04375 0.1140625
9 0.54375 0.23515625 0.03046875 0.05546875
10 0.56328125 0.6453125 0.05546875 0.25390625
10 0.72578125 0.70078125 0.08515625 0.28984375
10 0.6640625 0.446875 0.090625 0.05859375
7 0.67890625 0.1921875 0.03359375 0.13125
7 0.75 0.19921875 0.04375 0.1359375
11 0.921875 0.2796875 0.021875 0.0515625
11 0.98671875 0.31171875 0.0171875 0.1046875