7 0.11328125 0.2875 0.2265625 0.3375
7 0.2578125 0.20234375 0.090625 0.07421875
7 0.459375 0.15234375 0.14140625 0.20078125
7 0.6171875 0.665625 0.340625 0.60546875
7 0.5921875 0.21875 0.09921875 0.0671875
7 0.83828125 0.30703125 0.1875 0.27265625
5 0.14453125 0.28671875 0.07890625 0.221875
5 0.01875 0.2828125 0.0375 0.225
6 0.5578125 0.66171875 0.13984375 0.35703125
6 0.7328125 0.6515625 0.0703125 0.34765625
6 0.62265625 0.3984375 0.1921875 0.053125
7 0.4265625 0.153125 0.03984375 0.1390625
7 0.4984375 0.1546875 0.0296875 0.1375
13 0.27734375 0.2171875 0.01328125 0.0453125
9 0.57421875 0.22890625 0.02578125 0.0421875
9 0.62265625 0.22890625 0.01640625 0.0421875
11 0.82421875 0.296875 0.0484375 0.17578125
11 0.915625 0.31015625 0.01328125 0.1734375