0 0.04609375 0.2109375 0.0921875 0.2390625
0 0.2625 0.26796875 0.12265625 0.10703125
0 0.44375 0.41796875 0.1828125 0.29921875
0 0.92734375 0.6875 0.1453125 0.403125
0 0.91953125 0.39140625 0.153125 0.21953125
0 0.83046875 0.37421875 0.0453125 0.08984375
0 0.55078125 0.24453125 0.11640625 0.1828125
0 0.62734375 0.2734375 0.05 0.078125
13 0.4234375 0.42890625 0.06640625 0.17421875
13 0.5140625 0.41953125 0.0234375 0.1828125
2 0.034375 0.2203125 0.06015625 0.1625
9 0.2359375 0.275 0.03359375 0.06640625
9 0.29921875 0.28203125 0.0234375 0.07578125
7 0.5359375 0.24375 0.046875 0.128125
7 0.59453125 0.24375 0.01640625 0.12265625
5 0.92421875 0.3921875 0.06953125 0.1390625
10 0.96953125 0.734375 0.06015625 0.1984375
6 0.8390625 0.38984375 0.0234375 0.0609375
11 0.61015625 0.2828125 0.015625 0.04765625