0 0.175 0.23203125 0.265625 0.321875
0 0.1796875 0.07109375 0.1390625 0.084375
0 0.425 0.15546875 0.1640625 0.20625
0 0.5 0.60546875 0.2953125 0.4296875
0 0.68671875 0.3953125 0.1703125 0.2375
0 0.53671875 0.23828125 0.1 0.0984375
0 0.32578125 0.17265625 0.0578125 0.0296875
0 0.73984375 0.415625 0.040625 0.0875
10 0.46953125 0.6140625 0.1125 0.209375
10 0.5453125 0.45859375 0.1078125 0.0703125
10 0.5734375 0.6328125 0.06875 0.1984375
13 0.228125 0.25234375 0.084375 0.1765625
13 0.125 0.22421875 0.090625 0.1765625
7 0.3984375 0.14765625 0.0703125 0.1328125
7 0.45859375 0.1703125 0.0546875 0.1234375
5 0.6796875 0.39375 0.090625 0.14375
11 0.52265625 0.2421875 0.0328125 0.0546875