0 0.18984375 0.46796875 0.2203125 0.2796875
0 0.59453125 0.6984375 0.26875 0.425
0 0.71875 0.4171875 0.1578125 0.23125
0 0.16328125 0.325 0.115625 0.0578125
0 0.31875 0.35546875 0.0421875 0.0203125
0 0.3921875 0.30390625 0.140625 0.1859375
0 0.52890625 0.3296875 0.0921875 0.0890625
0 0.7875 0.41015625 0.040625 0.1046875
10 0.56171875 0.7125 0.09375 0.2078125
10 0.58046875 0.534375 0.1015625 0.05625
10 0.67265625 0.69375 0.053125 0.20625
13 0.14453125 0.47890625 0.059375 0.1578125
13 0.23984375 0.4640625 0.0625 0.16875
7 0.3671875 0.30546875 0.0515625 0.121875
7 0.42734375 0.3046875 0.040625 0.1171875
11 0.5171875 0.3390625 0.0234375 0.0515625
11 0.55859375 0.3375 0.0140625 0.0546875
5 0.70859375 0.41875 0.0796875 0.14375