0 0.17265625 0.234375 0.115625 0.16640625
0 0.35625 0.3875 0.1671875 0.24609375
0 0.4203125 0.29453125 0.096875 0.078125
0 0.66484375 0.73203125 0.29765625 0.51171875
0 0.61796875 0.2640625 0.134375 0.17890625
0 0.93828125 0.43671875 0.1234375 0.2734375
0 0.8015625 0.3421875 0.1078125 0.1359375
10 0.5859375 0.71875 0.06953125 0.2421875
10 0.740625 0.74453125 0.0625 0.27265625
10 0.6640625 0.51640625 0.1 0.059375
5 0.95625 0.43125 0.08671875 0.1828125
11 0.7796875 0.3234375 0.01953125 0.0515625
11 0.834375 0.32734375 0.01328125 0.05703125
2 0.1828125 0.24296875 0.0484375 0.11484375
4 0.1265625 0.24296875 0.01015625 0.1125
13 0.30234375 0.38671875 0.0265625 0.14921875
13 0.38671875 0.38984375 0.0484375 0.16171875
7 0.58203125 0.2609375 0.0328125 0.12265625
7 0.6484375 0.2640625 0.0359375 0.12578125