0 0.15078125 0.2640625 0.1296875 0.1765625
0 0.346875 0.40078125 0.1875 0.259375
0 0.40234375 0.30234375 0.103125 0.0859375
0 0.684375 0.71640625 0.340625 0.5359375
0 0.596875 0.2546875 0.15 0.190625
0 0.92890625 0.39765625 0.1421875 0.2828125
0 0.78671875 0.31640625 0.11875 0.1453125
10 0.6046875 0.71015625 0.090625 0.246875
10 0.7609375 0.72265625 0.0859375 0.2765625
10 0.66484375 0.50234375 0.1046875 0.0671875
5 0.9484375 0.39140625 0.1015625 0.1890625
11 0.76328125 0.3 0.0234375 0.053125
11 0.81796875 0.29921875 0.01875 0.0578125
2 0.16171875 0.271875 0.0578125 0.11875
4 0.10546875 0.2765625 0.0203125 0.1125
13 0.29296875 0.4046875 0.0390625 0.1515625
13 0.37734375 0.4 0.0625 0.165625
7 0.5609375 0.2546875 0.04375 0.125
7 0.62734375 0.25234375 0.046875 0.128125