0 0.2734375 0.30390625 0.20703125 0.2765625
0 0.86796875 0.534375 0.23125 0.3890625
0 0.49296875 0.33046875 0.115625 0.1109375
0 0.84453125 0.26328125 0.1328125 0.16171875
0 0.58671875 0.35625 0.07421875 0.07578125
4 0.23046875 0.31796875 0.04296875 0.18125
2 0.33359375 0.31171875 0.0484375 0.18359375
13 0.87109375 0.54921875 0.1171875 0.2265625
7 0.83984375 0.2765625 0.06640625 0.1375
9 0.4734375 0.34296875 0.0375 0.07421875
9 0.534375 0.34375 0.0171875 0.08203125
12 0.575 0.36796875 0.0234375 0.04765625