0 0.09921875 0.3125 0.1984375 0.390625
0 0.30390625 0.09609375 0.1953125 0.1921875
0 0.4296875 0.11640625 0.109375 0.10625
0 0.59765625 0.30078125 0.3171875 0.453125
0 0.69140625 0.07421875 0.1328125 0.10625
0 0.959375 0.26875 0.08125 0.2375
0 0.95703125 0.15546875 0.0859375 0.1234375
6 0.0890625 0.30625 0.13125 0.2375
6 0.0921875 0.13828125 0.0390625 0.0328125
5 0.28515625 0.075 0.084375 0.1453125
5 0.36015625 0.0890625 0.0515625 0.1328125
10 0.42109375 0.12890625 0.0359375 0.0609375
7 0.6890625 0.07265625 0.053125 0.0859375
11 0.590625 0.3234375 0.11875 0.2671875
11 0.6484375 0.1125 0.0515625 0.03125
9 0.97265625 0.25234375 0.0546875 0.1390625
2 0.9421875 0.134375 0.0328125 0.078125
3 0.98203125 0.1453125 0.0359375 0.08125