0 0.19296875 0.5109375 0.19296875 0.2671875
0 0.21875 0.371875 0.109375 0.0421875
0 0.4390625 0.37734375 0.12421875 0.1703125
0 0.3640625 0.4203125 0.02578125 0.01328125
0 0.5546875 0.7984375 0.25390625 0.403125
0 0.7578125 0.5453125 0.14609375 0.23671875
0 0.58359375 0.425 0.0875 0.07578125
0 0.8390625 0.54765625 0.03984375 0.10859375
13 0.1359375 0.5125 0.04296875 0.1625
13 0.2375 0.51328125 0.05234375 0.16953125
10 0.5078125 0.840625 0.07734375 0.234375
10 0.63828125 0.8421875 0.0390625 0.24453125
10 0.5609375 0.6421875 0.10625 0.05390625
5 0.74453125 0.540625 0.06640625 0.15078125
7 0.40859375 0.3734375 0.03671875 0.1203125
7 0.471875 0.38046875 0.03046875 0.11484375
11 0.56875 0.43125 0.0171875 0.05
11 0.61328125 0.43515625 0.00859375 0.053125