0 0.2359375 0.2578125 0.35 0.4515625
0 0.0984375 0.18203125 0.1328125 0.2609375
0 0.3734375 0.05234375 0.15 0.1046875
0 0.6265625 0.0703125 0.165625 0.134375
0 0.54375 0.01484375 0.04375 0.0296875
0 0.76953125 0.06171875 0.1078125 0.0515625
0 0.740625 0.73203125 0.440625 0.5359375
0 0.93984375 0.2609375 0.1203125 0.35
11 0.16640625 0.2828125 0.08125 0.2046875
11 0.29140625 0.28125 0.084375 0.2109375
11 0.253125 0.1046875 0.11875 0.08125
5 0.346875 0.03515625 0.053125 0.0703125
5 0.409375 0.03125 0.05 0.0625
7 0.59921875 0.0453125 0.059375 0.0765625
7 0.675 0.05859375 0.04375 0.06875
12 0.66484375 0.878125 0.1359375 0.24375
12 0.775 0.63046875 0.2 0.153125
9 0.97109375 0.28125 0.0578125 0.190625
6 0.08515625 0.20390625 0.096875 0.1671875