0 0.1015625 0.3140625 0.2015625 0.29375
0 0.53125 0.5484375 0.1984375 0.36875
0 0.29765625 0.153125 0.134375 0.1859375
0 0.62421875 0.29296875 0.1140625 0.2015625
0 0.41953125 0.190625 0.0828125 0.0734375
10 0.51328125 0.57265625 0.078125 0.2015625
10 0.53984375 0.4015625 0.1015625 0.0421875
5 0.62109375 0.29375 0.059375 0.134375
13 0.040625 0.32109375 0.0578125 0.1796875
13 0.15390625 0.3140625 0.046875 0.1875
7 0.278125 0.14921875 0.046875 0.128125
7 0.3421875 0.15390625 0.0265625 0.1203125
11 0.41171875 0.20078125 0.01875 0.0484375
11 0.45234375 0.2 0.009375 0.05625