0 0.203125 0.4203125 0.2265625 0.2859375
0 0.5234375 0.75625 0.2875 0.4421875
0 0.44765625 0.32109375 0.1453125 0.184375
0 0.2234375 0.27734375 0.1203125 0.0640625
0 0.5734375 0.38125 0.09375 0.0875
0 0.728125 0.51875 0.165625 0.2375
0 0.79921875 0.53203125 0.046875 0.1046875
13 0.15546875 0.415625 0.0640625 0.1640625
13 0.25078125 0.428125 0.0703125 0.165625
10 0.48671875 0.76328125 0.1046875 0.2203125
10 0.60078125 0.77578125 0.0625 0.215625
10 0.55703125 0.59375 0.1046875 0.0625
5 0.71953125 0.51640625 0.084375 0.15
7 0.42109375 0.3125 0.0578125 0.121875
7 0.48046875 0.32734375 0.0453125 0.115625
11 0.56015625 0.38671875 0.021875 0.0484375
11 0.6 0.39609375 0.0171875 0.053125
0 0.36328125 0.34921875 0.040625 0.025