0 0.0515625 0.3234375 0.103125 0.3875
0 0.14765625 0.08984375 0.1609375 0.14375
0 0.55546875 0.1859375 0.2578125 0.371875
0 0.27265625 0.0625 0.096875 0.0953125
0 0.89375 0.08046875 0.165625 0.1609375
0 0.79609375 0.0046875 0.0703125 0.009375
6 0.034375 0.32109375 0.06875 0.2453125
11 0.55078125 0.175 0.078125 0.28125
9 0.92265625 0.0625 0.0609375 0.125
9 0.8453125 0.05625 0.034375 0.1125
5 0.1265625 0.0765625 0.0640625 0.10625
5 0.2046875 0.0671875 0.028125 0.096875
10 0.26953125 0.07734375 0.028125 0.0609375