0 0.2 0.36171875 0.3484375 0.459375
0 0.225 0.08203125 0.175 0.1640625
0 0.41015625 0.03984375 0.0921875 0.0796875
0 0.02265625 0.37734375 0.0359375 0.115625
0 0.521875 0.06640625 0.1625 0.1328125
0 0.9140625 0.17578125 0.171875 0.2703125
0 0.83515625 0.7125 0.3296875 0.575
0 0.63984375 0.02734375 0.0828125 0.0375
11 0.1453125 0.4125 0.078125 0.209375
11 0.28359375 0.37109375 0.0640625 0.2078125
11 0.2046875 0.2046875 0.109375 0.0875
5 0.19921875 0.07421875 0.05625 0.121875
5 0.26953125 0.0640625 0.05 0.121875
7 0.50234375 0.04453125 0.0609375 0.0890625
7 0.5765625 0.046875 0.0328125 0.0828125
9 0.91796875 0.18125 0.08125 0.16875
12 0.8140625 0.8015625 0.121875 0.240625
12 0.86328125 0.5421875 0.184375 0.1046875
10 0.39921875 0.0390625 0.0171875 0.034375
13 0.61796875 0.025 0.028125 0.03125