0 0.225 0.15 0.275 0.3
0 0.45 0.246875 0.140625 0.1375
0 0.6796875 0.48515625 0.265625 0.375
0 0.54453125 0.29921875 0.09375 0.0828125
0 0.7734375 0.27265625 0.153125 0.178125
0 0.9765625 0.47578125 0.046875 0.1109375
2 0.278125 0.1671875 0.09375 0.1875
3 0.17421875 0.1453125 0.0859375 0.1875
9 0.4265625 0.2515625 0.0515625 0.078125
9 0.4859375 0.27265625 0.0375 0.0828125
7 0.759375 0.27890625 0.084375 0.1328125
6 0.99296875 0.49765625 0.0140625 0.0640625
12 0.53125 0.30859375 0.03125 0.04375
12 0.571875 0.315625 0.01875 0.034375