0 0.27578125 0.53671875 0.3078125 0.475
0 0.5578125 0.1359375 0.1703125 0.2671875
0 0.69765625 0.10625 0.1203125 0.1609375
0 0.87890625 0.703125 0.2421875 0.59375
0 0.94921875 0.171875 0.1015625 0.259375
12 0.22421875 0.5765625 0.0765625 0.1984375
12 0.35078125 0.56015625 0.0625 0.2
12 0.284375 0.3890625 0.1109375 0.1046875
11 0.53203125 0.15078125 0.040625 0.1390625
11 0.6078125 0.14453125 0.028125 0.1375
11 0.56796875 0.03125 0.06875 0.025
9 0.9203125 0.90546875 0.09375 0.1890625
6 0.6796875 0.12421875 0.05625 0.0984375
6 0.7328125 0.1265625 0.03125 0.1078125
6 0.7078125 0.04921875 0.0609375 0.03125
9 0.9640625 0.540625 0.071875 0.065625
7 0.97421875 0.1515625 0.0515625 0.209375