0 0.390625 0.39296875 0.3765625 0.584375
0 0.0640625 0.51171875 0.128125 0.1359375
0 0.78125 0.403125 0.203125 0.23671875
0 0.9203125 0.41640625 0.1 0.153125
4 0.284375 0.403125 0.0625 0.35703125
2 0.48515625 0.396875 0.096875 0.3703125
8 0.0734375 0.53671875 0.03984375 0.05546875
8 0.06640625 0.4703125 0.0828125 0.0359375
9 0.75 0.41796875 0.0640625 0.153125
9 0.859375 0.4296875 0.0234375 0.17734375
9 0.78125 0.29921875 0.06953125 0.028125
12 0.8921875 0.43125 0.034375 0.0953125
12 0.9578125 0.43671875 0.01484375 0.1109375