0 0.22421875 0.2703125 0.2078125 0.28203125
0 0.44921875 0.3078125 0.1171875 0.11484375
0 0.796875 0.51171875 0.2140625 0.378125
0 0.7890625 0.2546875 0.128125 0.1625
0 0.54609375 0.3359375 0.07734375 0.0796875
4 0.178125 0.28203125 0.046875 0.18359375
2 0.2859375 0.28125 0.04765625 0.18359375
9 0.43125 0.3171875 0.0359375 0.0765625
9 0.49296875 0.32109375 0.01484375 0.08203125
13 0.79296875 0.528125 0.10078125 0.21171875
13 0.8046875 0.3484375 0.12734375 0.028125
7 0.7828125 0.26796875 0.0625 0.13125
12 0.53515625 0.3453125 0.025 0.053125
12 0.575 0.346875 0.00859375 0.0515625