0 0.38828125 0.3234375 0.25 0.3234375
0 0.1109375 0.0796875 0.08125 0.159375
0 0.29375 0.1546875 0.1421875 0.125
0 0.565625 0.1984375 0.15625 0.2015625
0 0.6453125 0.25078125 0.0828125 0.0875
0 0.80625 0.69921875 0.31875 0.4515625
0 0.87890625 0.421875 0.1875 0.24375
0 0.8125 0.39375 0.0421875 0.0859375
13 0.3578125 0.3234375 0.096875 0.1796875
13 0.4515625 0.3390625 0.0671875 0.16875
9 0.265625 0.15625 0.0453125 0.071875
9 0.3265625 0.1796875 0.0390625 0.071875
7 0.54921875 0.19296875 0.0703125 0.1265625
7 0.60703125 0.20703125 0.0453125 0.11875
5 0.87734375 0.42265625 0.0984375 0.1515625
10 0.79296875 0.71875 0.1390625 0.221875
10 0.84921875 0.5421875 0.134375 0.075
11 0.63125 0.2578125 0.028125 0.0484375