0 0.43125 0.2140625 0.2640625 0.3359375
0 0.06015625 0.4140625 0.1203125 0.2
0 0.6390625 0.28203125 0.140625 0.134375
0 0.73125 0.32265625 0.078125 0.0703125
0 0.959375 0.5046875 0.08125 0.40625
0 0.98046875 0.26015625 0.0390625 0.2328125
8 0.053125 0.4234375 0.0484375 0.121875
8 0.05546875 0.33671875 0.071875 0.040625
4 0.38515625 0.2265625 0.084375 0.2078125
2 0.49375 0.2296875 0.0796875 0.20625
9 0.61875 0.29453125 0.05 0.0765625
9 0.68515625 0.3015625 0.0296875 0.0859375
12 0.71328125 0.33515625 0.028125 0.0359375