0 0.09453125 0.28046875 0.1890625 0.3953125
0 0.2265625 0.0734375 0.14140625 0.146875
0 0.3328125 0.071875 0.08515625 0.08828125
0 0.70859375 0.178125 0.2625 0.35546875
0 0.578125 0.03125 0.021875 0.0625
0 0.55390625 0.02265625 0.02578125 0.0453125
0 0.9390625 0.1046875 0.121875 0.2
0 0.8765625 0.034375 0.0796875 0.06875
6 0.02734375 0.29375 0.0546875 0.2515625
6 0.13984375 0.2796875 0.0609375 0.2390625
6 0.05625 0.10234375 0.1125 0.03046875
5 0.21328125 0.05703125 0.05625 0.1140625
5 0.2859375 0.0546875 0.0125 0.109375
10 0.3265625 0.08671875 0.02265625 0.05390625
10 0.36875 0.0890625 0.00703125 0.0515625
11 0.71796875 0.1640625 0.0640625 0.278125
11 0.59453125 0.12109375 0.01484375 0.2390625
9 0.91484375 0.096875 0.025 0.13125
9 0.984375 0.10859375 0.03125 0.1375
3 0.8765625 0.025 0.03515625 0.05