0 0.33984375 0.51484375 0.346875 0.5359375
0 0.28359375 0.18046875 0.1578125 0.215625
0 0.5640625 0.1296875 0.10625 0.0796875
0 0.6875 0.08984375 0.190625 0.1796875
0 0.9078125 0.2203125 0.16875 0.4125
0 0.81171875 0.07734375 0.13125 0.1484375
6 0.3453125 0.5296875 0.2046875 0.334375
6 0.31484375 0.28828125 0.1515625 0.05625
5 0.2859375 0.20078125 0.0890625 0.1625
7 0.69921875 0.06640625 0.0765625 0.1328125
7 0.6265625 0.06875 0.04375 0.1375
11 0.934375 0.196875 0.090625 0.265625
3 0.82890625 0.078125 0.046875 0.096875
2 0.7765625 0.0875 0.0328125 0.0859375
13 0.58203125 0.14296875 0.0203125 0.040625