0 0.24921875 0.25234375 0.253125 0.3171875
0 0.45546875 0.13125 0.153125 0.2
0 0.18359375 0.1 0.1421875 0.1171875
0 0.64296875 0.5859375 0.2640625 0.415625
0 0.75703125 0.33515625 0.1578125 0.2234375
0 0.5546875 0.18828125 0.0875 0.0828125
13 0.21328125 0.24921875 0.0875 0.1703125
13 0.3140625 0.2640625 0.0671875 0.175
7 0.43671875 0.12578125 0.06875 0.1328125
7 0.49609375 0.14140625 0.046875 0.121875
5 0.7546875 0.33203125 0.0859375 0.1421875
11 0.54296875 0.1953125 0.0265625 0.05
9 0.1515625 0.10625 0.0453125 0.071875