0 0.1640625 0.646875 0.328125 0.484375
0 0.34765625 0.17265625 0.178125 0.25625
0 0.48046875 0.11015625 0.115625 0.1609375
0 0.75390625 0.10859375 0.2015625 0.2171875
0 0.81796875 0.6328125 0.3640625 0.6875
7 0.11015625 0.70625 0.09375 0.2078125
7 0.125 0.49765625 0.121875 0.1140625
7 0.2390625 0.64453125 0.0796875 0.209375
9 0.8453125 0.76015625 0.178125 0.31875
9 0.8421875 0.434375 0.2265625 0.1328125
11 0.32890625 0.19375 0.04375 0.1375
11 0.39921875 0.1671875 0.03125 0.1375
11 0.33203125 0.07421875 0.065625 0.0265625
6 0.46875 0.13203125 0.0546875 0.09375
6 0.475 0.0546875 0.0578125 0.0296875
6 0.51875 0.121875 0.0296875 0.0984375
7 0.74140625 0.08203125 0.1015625 0.1640625