0 0.0984375 0.32109375 0.196875 0.28984375
0 0.53203125 0.54765625 0.19140625 0.36484375
0 0.29140625 0.15703125 0.13125 0.18359375
0 0.6203125 0.290625 0.11015625 0.2
0 0.4140625 0.1921875 0.08125 0.07265625
10 0.51484375 0.57265625 0.07421875 0.20078125
10 0.53828125 0.40078125 0.1015625 0.03984375
5 0.6171875 0.29140625 0.0578125 0.13359375
13 0.0375 0.32890625 0.05546875 0.17890625
13 0.15078125 0.3203125 0.04296875 0.1875
7 0.271875 0.153125 0.04453125 0.128125
7 0.3359375 0.15703125 0.02421875 0.1203125
11 0.40625 0.20234375 0.01796875 0.04765625
11 0.446875 0.20078125 0.00859375 0.05546875