0 0.65703125 0.65703125 0.321875 0.54609375
0 0.48828125 0.29296875 0.14609375 0.23125
0 0.3921875 0.16328125 0.08203125 0.146875
0 0.8203125 0.17265625 0.1671875 0.2078125
0 0.6296875 0.2203125 0.09453125 0.0671875
10 0.6859375 0.68203125 0.1015625 0.31640625
10 0.5296875 0.61796875 0.02890625 0.25390625
10 0.6359375 0.4140625 0.078125 0.053125
13 0.50078125 0.29765625 0.0546875 0.15859375
13 0.42734375 0.290625 0.0109375 0.13984375
7 0.8453125 0.17265625 0.05078125 0.146875
7 0.765625 0.17109375 0.03046875 0.1390625
2 0.3921875 0.1703125 0.03984375 0.103125
9 0.64375 0.22890625 0.03125 0.04765625
9 0.59375 0.22890625 0.0125 0.05