0 0.03125 0.4375 0.0625 0.275
0 0.29609375 0.446875 0.27734375 0.44140625
0 0.2109375 0.13671875 0.1484375 0.2078125
0 0.38046875 0.10234375 0.0921875 0.11015625
0 0.528125 0.0921875 0.14140625 0.18359375
0 0.62421875 0.05078125 0.0515625 0.09921875
0 0.93359375 0.73203125 0.1328125 0.52265625
0 0.9296875 0.2046875 0.13984375 0.2671875
0 0.93984375 0.0375 0.10703125 0.075
11 0.26328125 0.503125 0.05 0.21328125
11 0.39140625 0.44609375 0.0234375 0.209375
11 0.29765625 0.2828125 0.0875 0.07421875
6 0.015625 0.4546875 0.03046875 0.14140625
5 0.18515625 0.15234375 0.04375 0.121875
5 0.25703125 0.13671875 0.0296875 0.12265625
5 0.20390625 0.04921875 0.0703125 0.01875
10 0.36796875 0.11484375 0.01953125 0.05546875
7 0.51171875 0.07578125 0.05234375 0.15078125
7 0.58359375 0.07109375 0.01796875 0.14140625
9 0.94375 0.22109375 0.06328125 0.15859375
9 0.9421875 0.09375 0.0609375 0.034375
12 0.96796875 0.56328125 0.06328125 0.06171875
12 0.89375 0.6953125 0.034375 0.22890625
3 0.94453125 0.03125 0.0453125 0.0625
13 0.63984375 0.06171875 0.01015625 0.078125
10 0.3828125 0.059375 0.0375 0.01875