0 0.27421875 0.525 0.3296875 0.4859375
0 0.5765625 0.13984375 0.1828125 0.2734375
0 0.71796875 0.1171875 0.128125 0.165625
0 0.86484375 0.71171875 0.2703125 0.5765625
0 0.9546875 0.196875 0.090625 0.265625
12 0.2203125 0.56171875 0.0859375 0.2
12 0.34765625 0.55234375 0.0734375 0.2
12 0.290625 0.378125 0.115625 0.109375
11 0.55 0.153125 0.046875 0.1390625
11 0.6265625 0.15078125 0.0359375 0.1375
11 0.59296875 0.03515625 0.06875 0.0296875
9 0.896875 0.91640625 0.10625 0.1671875
6 0.69921875 0.134375 0.0609375 0.1
6 0.7515625 0.13984375 0.0375 0.1078125
6 0.73125 0.06015625 0.0625 0.034375
9 0.96171875 0.56640625 0.075 0.06875
7 0.98046875 0.178125 0.0390625 0.2125