0 0.38046875 0.48515625 0.4234375 0.6640625
0 0.13046875 0.0609375 0.1390625 0.121875
0 0.28046875 0.009375 0.1234375 0.01875
0 0.51328125 0.04609375 0.1640625 0.0921875
0 0.91015625 0.16015625 0.1796875 0.2140625
0 0.8234375 0.084375 0.084375 0.08125
9 0.35625 0.58515625 0.1625 0.3015625
9 0.43984375 0.27265625 0.2046875 0.11875
11 0.14765625 0.025 0.0484375 0.05
7 0.5109375 0.01875 0.075 0.0375
13 0.946875 0.17109375 0.10625 0.1765625
13 0.865625 0.12890625 0.0546875 0.1453125
10 0.84296875 0.08671875 0.04375 0.071875
10 0.79765625 0.075 0.0203125 0.0609375