0 0.084375 0.128125 0.0984375 0.2359375
0 0.28203125 0.2125 0.1421875 0.1234375
0 0.42890625 0.38125 0.228125 0.3203125
0 0.8796875 0.70859375 0.240625 0.4265625
0 0.5703125 0.228125 0.1421875 0.1953125
0 0.90703125 0.4171875 0.1796875 0.2328125
0 0.82734375 0.39296875 0.053125 0.0953125
0 0.64453125 0.26796875 0.065625 0.08125
13 0.40703125 0.38828125 0.090625 0.184375
13 0.4984375 0.3921875 0.05 0.1765625
2 0.06953125 0.13359375 0.059375 0.16875
9 0.2546875 0.21484375 0.0390625 0.0703125
9 0.31796875 0.23203125 0.03125 0.075
7 0.55703125 0.2234375 0.0640625 0.1296875
7 0.6125 0.234375 0.034375 0.121875
10 0.90859375 0.74375 0.13125 0.2234375
5 0.91015625 0.421875 0.0890625 0.146875
6 0.8328125 0.4109375 0.0265625 0.0609375
11 0.628125 0.27578125 0.025 0.0484375