0 0.0296875 0.271875 0.05859375 0.18125
0 0.2328125 0.46171875 0.19140625 0.2671875
0 0.57890625 0.7875 0.26953125 0.42421875
0 0.80234375 0.540625 0.16171875 0.2484375
0 0.26484375 0.3296875 0.1078125 0.04765625
0 0.47890625 0.3484375 0.128125 0.17578125
0 0.628125 0.4078125 0.090625 0.08359375
0 0.890625 0.55546875 0.04921875 0.1140625
10 0.52734375 0.81640625 0.0765625 0.22890625
10 0.66171875 0.834375 0.04296875 0.24765625
10 0.5890625 0.62109375 0.103125 0.059375
13 0.17578125 0.45859375 0.040625 0.15703125
13 0.27265625 0.46953125 0.05390625 0.16171875
2 0.01484375 0.27734375 0.0296875 0.12578125
5 0.78828125 0.53828125 0.075 0.15625
11 0.6125 0.4140625 0.0171875 0.04765625
11 0.65703125 0.4203125 0.0125 0.0515625
7 0.44765625 0.3453125 0.03515625 0.11875
7 0.5109375 0.35390625 0.03125 0.11796875