0 0.08828125 0.58125 0.1765625 0.471875
0 0.2890625 0.12421875 0.1625 0.2484375
0 0.43828125 0.08203125 0.09921875 0.14296875
0 0.6953125 0.6421875 0.32265625 0.665625
0 0.69296875 0.10546875 0.159375 0.21015625
0 0.978125 0.14375 0.04375 0.159375
12 0.10546875 0.58828125 0.06171875 0.21328125
12 0.03125 0.41015625 0.06171875 0.07421875
9 0.67109375 0.728125 0.12421875 0.28984375
9 0.70625 0.41953125 0.1953125 0.0953125
11 0.26640625 0.14296875 0.02734375 0.13984375
11 0.34375 0.12421875 0.01640625 0.1375
11 0.2859375 0.0203125 0.06875 0.0171875
7 0.68359375 0.08125 0.07265625 0.1625
6 0.42578125 0.10234375 0.04140625 0.08828125
6 0.47421875 0.1 0.01875 0.09921875
6 0.43828125 0.02734375 0.05703125 0.01953125
10 0.97734375 0.15703125 0.02109375 0.10546875