0 0.20625 0.57578125 0.2390625 0.29375
0 0.1859375 0.434375 0.11875 0.0640625
0 0.62578125 0.76875 0.3125 0.4609375
0 0.740625 0.4578125 0.178125 0.246875
0 0.403125 0.38359375 0.1515625 0.1859375
0 0.54765625 0.38828125 0.0953125 0.0890625
0 0.3390625 0.440625 0.0328125 0.021875
0 0.8171875 0.4421875 0.053125 0.10625
13 0.1578125 0.58984375 0.071875 0.159375
13 0.2515625 0.5640625 0.08125 0.171875
7 0.3765625 0.3875 0.0609375 0.121875
7 0.43671875 0.37734375 0.053125 0.11875
10 0.59140625 0.796875 0.1171875 0.2296875
10 0.70859375 0.7640625 0.078125 0.23125
10 0.59375 0.6015625 0.1109375 0.065625
5 0.73046875 0.4578125 0.0921875 0.1546875
11 0.53515625 0.4 0.028125 0.0515625
11 0.57734375 0.39296875 0.01875 0.05
6 0.828125 0.45390625 0.0265625 0.071875