0 0.05703125 0.215625 0.1140625 0.24375
0 0.2796875 0.27734375 0.1203125 0.10703125
0 0.471875 0.43828125 0.18359375 0.30546875
0 0.57109375 0.2625 0.11796875 0.18125
0 0.39609375 0.30859375 0.05859375 0.0515625
0 0.9328125 0.41875 0.134375 0.2265625
0 0.94453125 0.71640625 0.1109375 0.403125
0 0.8484375 0.39609375 0.05546875 0.09921875
0 0.64375 0.28984375 0.046875 0.0765625
2 0.05859375 0.2265625 0.05859375 0.16953125
13 0.453125 0.446875 0.071875 0.17421875
13 0.540625 0.44140625 0.025 0.18125
9 0.25546875 0.2859375 0.03203125 0.06875
9 0.3171875 0.29140625 0.021875 0.07578125
7 0.5578125 0.26015625 0.04765625 0.12578125
7 0.615625 0.2640625 0.0171875 0.11796875
5 0.9515625 0.42265625 0.07421875 0.1390625
5 0.8828125 0.40703125 0.0203125 0.128125
10 0.9140625 0.68984375 0.0296875 0.1890625
5 0.8578125 0.41640625 0.028125 0.05859375
11 0.6296875 0.30234375 0.01328125 0.04921875