0 0.1015625 0.65546875 0.203125 0.3890625
0 0.55078125 0.36796875 0.196875 0.353125
0 0.91875 0.3890625 0.1625 0.325
0 0.79453125 0.8046875 0.4109375 0.36875
12 0.07265625 0.73359375 0.0890625 0.1484375
12 0.05703125 0.5578125 0.1125 0.078125
12 0.153125 0.63203125 0.0546875 0.159375
11 0.5640625 0.4234375 0.0578125 0.153125
11 0.5328125 0.25703125 0.0515625 0.084375
7 0.821875 0.85859375 0.303125 0.246875
6 0.9 0.39453125 0.078125 0.171875
6 0.94765625 0.28984375 0.0734375 0.090625
6 0.97421875 0.440625 0.0515625 0.1375