0 0.16875 0.41640625 0.3375 0.4453125
0 0.2390625 0.16015625 0.1765625 0.2328125
0 0.33984375 0.17265625 0.078125 0.0921875
0 0.7734375 0.171875 0.365625 0.34375
0 0.5875 0.04296875 0.109375 0.0859375
0 0.53359375 0.04921875 0.0609375 0.071875
6 0.12265625 0.428125 0.184375 0.28125
6 0.25234375 0.38515625 0.103125 0.2421875
6 0.1140625 0.23984375 0.140625 0.0609375
5 0.23046875 0.16015625 0.0921875 0.1546875
5 0.2953125 0.14609375 0.0453125 0.1328125
10 0.32890625 0.18671875 0.0359375 0.05625
11 0.82109375 0.125 0.1515625 0.25
11 0.665625 0.1140625 0.09375 0.228125
7 0.60390625 0.01953125 0.0578125 0.0390625
7 0.5515625 0.025 0.03125 0.05