0 0.065625 0.5015625 0.13125 0.359375
0 0.40859375 0.46953125 0.2828125 0.4640625
0 0.265625 0.17265625 0.1578125 0.2109375
0 0.41953125 0.14453125 0.09375 0.109375
0 0.60234375 0.1078125 0.146875 0.2125
0 0.9640625 0.21953125 0.071875 0.2578125
0 0.96796875 0.0671875 0.0640625 0.090625
0 0.6828125 0.08203125 0.0296875 0.10625
6 0.0484375 0.50078125 0.096875 0.1953125
6 0.025 0.3546875 0.0375 0.0390625
11 0.42421875 0.2953125 0.0734375 0.0734375
11 0.38671875 0.52265625 0.0625 0.2296875
11 0.51328125 0.46796875 0.028125 0.221875
5 0.240625 0.18984375 0.0515625 0.1234375
5 0.3125 0.17578125 0.0328125 0.1234375
10 0.40625 0.16484375 0.028125 0.071875
7 0.59296875 0.10078125 0.0671875 0.1546875
7 0.66171875 0.09296875 0.0203125 0.153125
9 0.953125 0.215625 0.0296875 0.1484375
3 0.9890625 0.06015625 0.021875 0.0703125