0 0.51796875 0.55546875 0.19296875 0.36484375
0 0.09375 0.3296875 0.18671875 0.28828125
0 0.2859375 0.1625 0.13046875 0.1796875
0 0.61328125 0.29375 0.11015625 0.1984375
0 0.03828125 0.17109375 0.0765625 0.04921875
0 0.41328125 0.1984375 0.08125 0.0765625
10 0.5 0.57578125 0.07265625 0.196875
10 0.52265625 0.40390625 0.1015625 0.0359375
5 0.609375 0.29453125 0.05546875 0.13125
7 0.26640625 0.1609375 0.04296875 0.12578125
7 0.33046875 0.16328125 0.0234375 0.1203125
13 0.140625 0.3265625 0.04140625 0.1796875
13 0.028125 0.33828125 0.05 0.17421875
11 0.40390625 0.209375 0.015625 0.04765625
11 0.44453125 0.209375 0.0078125 0.053125