0 0.0921875 0.425 0.184375 0.340625
0 0.253125 0.35546875 0.1421875 0.16875
0 0.66171875 0.2984375 0.2171875 0.346875
0 0.7953125 0.8046875 0.39375 0.390625
0 0.92109375 0.39453125 0.15 0.165625
0 0.56015625 0.26640625 0.01875 0.1359375
12 0.24140625 0.38125 0.04375 0.1109375
9 0.0140625 0.47734375 0.028125 0.2171875
9 0.1296875 0.43203125 0.059375 0.2203125
9 0.0484375 0.284375 0.0765625 0.046875
7 0.65546875 0.303125 0.1140625 0.2390625
6 0.9359375 0.4171875 0.0625 0.1
6 0.925 0.328125 0.0765625 0.034375
6 0.86640625 0.36875 0.0296875 0.053125
12 0.2578125 0.29140625 0.078125 0.021875
12 0.30546875 0.37421875 0.021875 0.1234375
13 0.8625 0.77109375 0.2546875 0.171875