0 0.27734375 0.27578125 0.228125 0.30625
0 0.19609375 0.1234375 0.1375 0.1109375
0 0.46640625 0.14765625 0.1421875 0.196875
0 0.69609375 0.6046875 0.2546875 0.415625
0 0.78359375 0.34609375 0.1546875 0.228125
0 0.5609375 0.203125 0.0890625 0.0875
10 0.6828125 0.62109375 0.109375 0.209375
10 0.7234375 0.44765625 0.121875 0.059375
13 0.24296875 0.27578125 0.0765625 0.1796875
13 0.34140625 0.2875 0.059375 0.178125
9 0.16640625 0.1296875 0.0390625 0.0703125
7 0.4453125 0.14140625 0.0609375 0.13125
7 0.50625 0.1578125 0.0359375 0.1203125
5 0.78046875 0.34453125 0.0828125 0.146875
5 0.55078125 0.2109375 0.0234375 0.0484375
5 0.5890625 0.22109375 0.015625 0.046875