0 0.35234375 0.3515625 0.16328125 0.240625
4 0.184375 0.1921875 0.109375 0.1703125
0 0.6328125 0.715625 0.30390625 0.5109375
0 0.4296875 0.26484375 0.09453125 0.08046875
0 0.625 0.24140625 0.1390625 0.18125
0 0.93671875 0.4375 0.12578125 0.28828125
0 0.81484375 0.3359375 0.1125 0.1453125
10 0.5484375 0.69609375 0.0625 0.240625
10 0.7 0.7328125 0.06640625 0.2671875
10 0.63203125 0.4984375 0.09453125 0.05859375
13 0.38125 0.35546875 0.04921875 0.15859375
13 0.2953125 0.3484375 0.025 0.14453125
2 0.19140625 0.19921875 0.04765625 0.11796875
7 0.5859375 0.23984375 0.03203125 0.12265625
7 0.65390625 0.24609375 0.03671875 0.12734375
5 0.9546875 0.4328125 0.090625 0.184375
11 0.7921875 0.315625 0.01875 0.04921875
11 0.8484375 0.32265625 0.0140625 0.05859375
9 0.4484375 0.27734375 0.0234375 0.0515625
9 0.13671875 0.1984375 0.01015625 0.10546875