0 0.08515625 0.55234375 0.1703125 0.4859375
0 0.64609375 0.6578125 0.3859375 0.684375
0 0.309375 0.12265625 0.19375 0.2453125
0 0.465625 0.08828125 0.1171875 0.1546875
0 0.7109375 0.13046875 0.1796875 0.2328125
0 0.9796875 0.20703125 0.040625 0.1671875
12 0.06796875 0.55546875 0.0890625 0.221875
12 0.03046875 0.35703125 0.0390625 0.0546875
11 0.2859375 0.12734375 0.04375 0.1390625
11 0.365625 0.1171875 0.0328125 0.1375
11 0.31953125 0.0125 0.0703125 0.025
9 0.61015625 0.74375 0.1546875 0.3015625
9 0.68046875 0.44296875 0.2015625 0.115625
7 0.70546875 0.10859375 0.0921875 0.18125
6 0.45 0.10625 0.05625 0.09375
6 0.5015625 0.1078125 0.034375 0.096875
6 0.47421875 0.0328125 0.0578125 0.0328125
10 0.98359375 0.2140625 0.0328125 0.10625