0 0.21953125 0.53671875 0.290625 0.49453125
0 0.46328125 0.10625 0.1484375 0.2125
0 0.58984375 0.059375 0.1015625 0.11875
0 0.9109375 0.1203125 0.1765625 0.240625
0 0.90390625 0.6796875 0.19140625 0.640625
12 0.171875 0.59296875 0.06640625 0.209375
12 0.21796875 0.37734375 0.1125 0.10703125
12 0.31328125 0.55546875 0.04453125 0.2140625
11 0.440625 0.0953125 0.02890625 0.1484375
11 0.51640625 0.084375 0.009375 0.14140625
6 0.575 0.0625 0.04765625 0.09921875
6 0.6265625 0.0625 0.021875 0.10703125
7 0.91640625 0.0921875 0.09765625 0.18359375
9 0.9671875 0.4859375 0.06484375 0.06328125
9 0.96796875 0.8828125 0.0609375 0.234375
9 0.84921875 0.64375 0.05078125 0.2734375