0 0.18046875 0.3328125 0.1953125 0.26875
0 0.15859375 0.18515625 0.11953125 0.05
0 0.4 0.20546875 0.1234375 0.17890625
0 0.31328125 0.2453125 0.05 0.0171875
0 0.5625 0.62578125 0.22265625 0.39453125
0 0.7078125 0.37734375 0.13046875 0.215625
0 0.528125 0.2578125 0.0828125 0.0796875
0 0.77109375 0.384375 0.0234375 0.09140625
10 0.5328125 0.63671875 0.0734375 0.196875
10 0.640625 0.63515625 0.028125 0.20078125
10 0.571875 0.46796875 0.1015625 0.04921875
13 0.134375 0.334375 0.0484375 0.15859375
13 0.234375 0.3359375 0.0453125 0.16171875
7 0.3734375 0.20234375 0.0390625 0.12421875
7 0.43515625 0.2125 0.0234375 0.11484375
5 0.70078125 0.3765625 0.0640625 0.1359375
11 0.515625 0.2640625 0.01640625 0.04609375
11 0.55625 0.26953125 0.01171875 0.05390625