0 0.18828125 0.3296875 0.275 0.3875
0 0.3359375 0.10390625 0.128125 0.20703125
0 0.43046875 0.1421875 0.05859375 0.08046875
0 0.8640625 0.2 0.271875 0.4
0 0.709375 0.05859375 0.0828125 0.11640625
0 0.64921875 0.0734375 0.04609375 0.0625
6 0.15390625 0.3328125 0.121875 0.2578125
6 0.290625 0.325 0.04296875 0.2390625
6 0.19453125 0.14921875 0.13828125 0.0265625
5 0.32734375 0.1015625 0.05703125 0.14453125
5 0.39375 0.10546875 0.01015625 0.13515625
10 0.415625 0.153125 0.02265625 0.0515625
11 0.915625 0.19375 0.07734375 0.29765625
11 0.76328125 0.15703125 0.028125 0.25546875
7 0.73125 0.040625 0.0375 0.08125
7 0.67734375 0.040625 0.0109375 0.08125