0 0.69296875 0.46171875 0.3046875 0.465625
0 0.06328125 0.596875 0.1265625 0.45
0 0.24453125 0.31875 0.1578125 0.2171875
0 0.33359375 0.215625 0.0953125 0.1375
0 0.6140625 0.22890625 0.128125 0.2109375
0 0.5375 0.27734375 0.028125 0.065625
0 0.85390625 0.38046875 0.04375 0.0828125
0 0.9578125 0.37421875 0.084375 0.2234375
10 0.059375 0.5796875 0.059375 0.25625
13 0.23125 0.3203125 0.053125 0.146875
13 0.3046875 0.32265625 0.01875 0.1328125
2 0.32265625 0.21953125 0.0390625 0.0984375
3 0.3703125 0.221875 0.0125 0.0859375
7 0.6140625 0.18984375 0.0390625 0.08125
5 0.6921875 0.4640625 0.146875 0.3234375
11 0.95546875 0.37109375 0.0265625 0.1359375