0 0.175 0.34375 0.2046875 0.275
0 0.14765625 0.196875 0.121875 0.0546875
0 0.38984375 0.209375 0.1296875 0.1828125
0 0.3046875 0.25234375 0.05 0.01875
0 0.5671875 0.6234375 0.2359375 0.4015625
0 0.703125 0.3703125 0.1375 0.2203125
0 0.51953125 0.25703125 0.0859375 0.0828125
0 0.7671875 0.375 0.0265625 0.0921875
10 0.5375 0.63515625 0.0796875 0.2
10 0.6453125 0.63046875 0.034375 0.2015625
10 0.57109375 0.465625 0.103125 0.053125
13 0.12890625 0.346875 0.0546875 0.1609375
13 0.22890625 0.3453125 0.0515625 0.1625
7 0.36328125 0.20703125 0.04375 0.125
7 0.425 0.21484375 0.028125 0.115625
5 0.69609375 0.36953125 0.06875 0.1375
11 0.50703125 0.26328125 0.01875 0.046875
11 0.5484375 0.26796875 0.0140625 0.0546875