0 0.146875 0.2203125 0.21640625 0.27109375
0 0.390625 0.26640625 0.1171875 0.1125
0 0.67109375 0.4421875 0.1890625 0.33984375
0 0.49453125 0.29453125 0.0796875 0.06484375
0 0.71015625 0.21328125 0.11953125 0.153125
0 0.971875 0.35859375 0.05546875 0.10078125
2 0.20390625 0.23046875 0.0515625 0.1796875
3 0.09765625 0.234375 0.04375 0.1828125
9 0.36875 0.2765625 0.0359375 0.07109375
9 0.43125 0.2828125 0.01953125 0.0796875
7 0.6984375 0.22265625 0.05625 0.12265625
6 0.9890625 0.3765625 0.021875 0.06015625
12 0.484375 0.30703125 0.021875 0.03984375
12 0.525 0.30390625 0.0109375 0.0328125