0 0.16953125 0.309375 0.14375 0.128125
0 0.34453125 0.40859375 0.25 0.3265625
0 0.4328125 0.2125 0.1578125 0.2046875
0 0.871875 0.5359375 0.25625 0.453125
0 0.815625 0.25546875 0.190625 0.2421875
0 0.74140625 0.2609375 0.05 0.0921875
0 0.525 0.21875 0.08125 0.0875
10 0.90703125 0.559375 0.146875 0.23125
10 0.86328125 0.375 0.1453125 0.08125
13 0.321875 0.4234375 0.103125 0.1890625
13 0.40859375 0.390625 0.0703125 0.178125
9 0.1484375 0.321875 0.046875 0.071875
9 0.2078125 0.3125 0.0421875 0.0765625
5 0.81796875 0.25703125 0.1015625 0.15
11 0.5125 0.23203125 0.0296875 0.0515625
7 0.41484375 0.21640625 0.0765625 0.1296875
7 0.4734375 0.2 0.046875 0.121875