0 0.23828125 0.32265625 0.2140625 0.296875
0 0.1296875 0.18828125 0.1328125 0.1046875
0 0.39921875 0.1609375 0.1328125 0.190625
0 0.71171875 0.56484375 0.234375 0.40625
0 0.7484375 0.29453125 0.14375 0.221875
0 0.503125 0.196875 0.084375 0.0828125
10 0.70234375 0.58359375 0.0984375 0.20625
10 0.709375 0.40625 0.1203125 0.0546875
13 0.2046875 0.32890625 0.06875 0.178125
13 0.303125 0.321875 0.05 0.1765625
9 0.1015625 0.20078125 0.0359375 0.06875
7 0.378125 0.15859375 0.0546875 0.1296875
7 0.44140625 0.1625 0.0296875 0.11875
5 0.7453125 0.29375 0.0765625 0.14375
5 0.49453125 0.20703125 0.021875 0.046875
5 0.534375 0.209375 0.0125 0.046875