0 0.328125 0.38359375 0.521875 0.6859375
0 0.05390625 0.434375 0.1078125 0.146875
0 0.75546875 0.4578125 0.253125 0.284375
0 0.90078125 0.48984375 0.1328125 0.175
2 0.42421875 0.3984375 0.1984375 0.4125
4 0.209375 0.36953125 0.1421875 0.38125
8 0.028125 0.46015625 0.05625 0.0671875
8 0.04765625 0.38984375 0.0734375 0.04375
9 0.71953125 0.46953125 0.0984375 0.16875
9 0.825 0.5 0.0609375 0.1921875
9 0.77578125 0.35078125 0.078125 0.040625
12 0.8703125 0.5015625 0.053125 0.1015625
12 0.9046875 0.42578125 0.08125 0.0359375
12 0.93359375 0.51875 0.034375 0.1125