0 0.46875 0.28203125 0.15390625 0.2390625
0 0.34921875 0.14453125 0.09140625 0.16171875
0 0.6875 0.65859375 0.33984375 0.53984375
0 0.7828125 0.17890625 0.1640625 0.20625
0 0.59140625 0.21328125 0.09140625 0.07578125
0 0.98203125 0.2515625 0.0359375 0.084375
2 0.3515625 0.15078125 0.04296875 0.1109375
13 0.40859375 0.27890625 0.01640625 0.1484375
13 0.4875 0.29140625 0.0546875 0.1625
10 0.5671875 0.6234375 0.05390625 0.265625
10 0.7328125 0.68828125 0.09453125 0.3109375
10 0.675 0.421875 0.0875 0.0609375
7 0.73359375 0.175 0.03515625 0.1390625
7 0.80859375 0.18046875 0.04921875 0.14453125