0 0.06171875 0.52421875 0.1234375 0.353125
0 0.40703125 0.47421875 0.26015625 0.45078125
0 0.2484375 0.18515625 0.146875 0.20390625
0 0.40078125 0.14921875 0.0890625 0.10546875
0 0.58203125 0.103125 0.1359375 0.20625
0 0.959375 0.19609375 0.08125 0.25390625
0 0.9578125 0.04296875 0.084375 0.0859375
0 0.6609375 0.07265625 0.0234375 0.10546875
6 0.04921875 0.52421875 0.0875 0.19140625
6 0.01796875 0.3796875 0.0359375 0.0375
11 0.41328125 0.29921875 0.0703125 0.0703125
11 0.38828125 0.52890625 0.05078125 0.22734375
11 0.51171875 0.4671875 0.01640625 0.221875
5 0.225 0.20390625 0.04453125 0.121875
5 0.29609375 0.1859375 0.02578125 0.12265625
10 0.3890625 0.1703125 0.025 0.07109375
7 0.571875 0.09609375 0.05859375 0.15234375
7 0.63984375 0.08515625 0.0125 0.15234375
9 0.9375 0.1921875 0.02265625 0.146875
3 0.978125 0.034375 0.04296875 0.06875