0 0.0296875 0.4625 0.059375 0.26171875
0 0.2078125 0.159375 0.1484375 0.20234375
0 0.2734375 0.4578125 0.2828125 0.43671875
0 0.515625 0.0953125 0.14296875 0.190625
0 0.378125 0.1140625 0.0921875 0.10078125
0 0.61484375 0.05 0.0578125 0.1
0 0.925 0.725 0.14921875 0.53203125
0 0.92578125 0.19140625 0.1484375 0.2640625
0 0.9375 0.028125 0.10390625 0.05625
11 0.2359375 0.51484375 0.04921875 0.209375
11 0.3671875 0.45625 0.02890625 0.20625
11 0.26953125 0.29609375 0.09296875 0.06875
5 0.18125 0.17421875 0.0421875 0.11875
5 0.253125 0.159375 0.03125 0.11796875
5 0.20234375 0.07421875 0.06796875 0.01875
7 0.49921875 0.08125 0.0546875 0.14921875
7 0.5703125 0.07109375 0.01875 0.1421875
6 0.0125 0.48046875 0.025 0.13984375
10 0.36640625 0.1265625 0.01640625 0.04375
10 0.38046875 0.07578125 0.0359375 0.0109375
13 0.59453125 0.06875 0.0140625 0.06640625
13 0.6359375 0.06171875 0.00859375 0.08046875
9 0.9296875 0.2078125 0.0640625 0.15859375
9 0.93125 0.078125 0.0546875 0.02890625
12 0.9546875 0.54609375 0.090625 0.0609375
12 0.9734375 0.82890625 0.053125 0.21953125
12 0.86953125 0.68671875 0.02578125 0.2328125
3 0.9375 0.0234375 0.04296875 0.04609375