0 0.6796875 0.65546875 0.33828125 0.540625
0 0.4765625 0.2828125 0.153125 0.23828125
0 0.36328125 0.1484375 0.0890625 0.15703125
0 0.79609375 0.17890625 0.165625 0.209375
0 0.99140625 0.25078125 0.01640625 0.0796875
7 0.821875 0.17890625 0.0484375 0.1453125
7 0.74375 0.17421875 0.03203125 0.1359375
10 0.71953125 0.6828125 0.096875 0.31484375
10 0.5546875 0.61875 0.04375 0.26171875
10 0.6640625 0.415625 0.08515625 0.05390625
13 0.490625 0.290625 0.0546875 0.16015625
13 0.4140625 0.28125 0.01484375 0.14453125
2 0.365625 0.15625 0.04140625 0.10859375
9 0.6140625 0.22578125 0.028125 0.04609375
9 0.565625 0.22421875 0.01328125 0.0515625