0 0.053125 0.54453125 0.10625 0.3484375
0 0.43828125 0.5171875 0.2609375 0.4609375
0 0.23984375 0.2359375 0.153125 0.2078125
0 0.3890625 0.22109375 0.0921875 0.1
0 0.590625 0.17734375 0.1359375 0.225
0 0.65703125 0.17578125 0.0140625 0.09375
0 0.94296875 0.14140625 0.1140625 0.1609375
0 0.94765625 0.31796875 0.1046875 0.2421875
11 0.4234375 0.56640625 0.059375 0.240625
11 0.54453125 0.51328125 0.0171875 0.23125
11 0.45546875 0.33671875 0.0671875 0.0578125
5 0.2171875 0.24609375 0.05 0.128125
5 0.28984375 0.2390625 0.0296875 0.1234375
6 0.03671875 0.55078125 0.0734375 0.2109375
6 0.01328125 0.39375 0.021875 0.025
10 0.375 0.2390625 0.03125 0.0625
7 0.58046875 0.1765625 0.0609375 0.15
9 0.9828125 0.3328125 0.034375 0.15
9 0.921875 0.30703125 0.0265625 0.140625
2 0.95078125 0.1484375 0.0515625 0.1125
3 0.8984375 0.14140625 0.015625 0.1015625