0 0.18125 0.41796875 0.29375 0.4203125
0 0.196875 0.11953125 0.14453125 0.19453125
0 0.01640625 0.41171875 0.0328125 0.17578125
0 0.4796875 0.07890625 0.146875 0.1578125
0 0.3734375 0.0671875 0.07265625 0.084375
0 0.59765625 0.03515625 0.08671875 0.0703125
0 0.8890625 0.165625 0.16484375 0.27890625
0 0.84375 0.721875 0.28359375 0.55546875
0 0.934375 0.01875 0.10546875 0.03671875
11 0.13046875 0.46953125 0.04765625 0.1984375
11 0.26015625 0.4171875 0.0375 0.20234375
11 0.16953125 0.2625 0.10546875 0.0703125
5 0.1703125 0.13671875 0.04140625 0.11484375
5 0.2390625 0.121875 0.034375 0.121875
7 0.45625 0.06171875 0.05 0.1234375
7 0.53203125 0.05703125 0.025 0.1140625
12 0.846875 0.54765625 0.17265625 0.08984375
12 0.82578125 0.81953125 0.090625 0.2421875
9 0.88359375 0.18203125 0.0625 0.1625
9 0.89375 0.046875 0.0578125 0.03046875
13 0.5796875 0.03359375 0.028125 0.0671875
13 0.6296875 0.034375 0.01171875 0.06875