0 0.25625 0.57265625 0.275 0.4515625
0 0.4859375 0.1390625 0.15 0.2546875
0 0.6234375 0.08984375 0.10625 0.1515625
0 0.8859375 0.675 0.228125 0.6375
0 0.9140625 0.12265625 0.1625 0.2453125
12 0.209375 0.621875 0.0625 0.19375
12 0.33359375 0.58671875 0.0515625 0.196875
12 0.2453125 0.428125 0.103125 0.096875
11 0.46328125 0.1578125 0.028125 0.1390625
11 0.53671875 0.1390625 0.0171875 0.1375
11 0.48359375 0.03671875 0.065625 0.01875
6 0.6078125 0.1125 0.046875 0.0921875
6 0.625 0.0328125 0.0578125 0.0234375
6 0.659375 0.10703125 0.021875 0.1046875
7 0.92265625 0.09453125 0.0953125 0.1890625
9 0.94296875 0.84140625 0.1140625 0.3015625
9 0.9421875 0.48046875 0.115625 0.0765625