0 0.05234375 0.4546875 0.1046875 0.325
0 0.24765625 0.13984375 0.159375 0.2125
0 0.41015625 0.1125 0.096875 0.109375
0 0.36640625 0.45078125 0.2859375 0.4625
0 0.58203125 0.09921875 0.146875 0.196875
0 0.66875 0.0609375 0.0421875 0.10625
0 0.96015625 0.73046875 0.0796875 0.4953125
0 0.95 0.21875 0.1 0.2625
0 0.96015625 0.0640625 0.0796875 0.084375
6 0.03359375 0.465625 0.0671875 0.19375
5 0.22421875 0.153125 0.053125 0.1265625
5 0.2953125 0.14140625 0.034375 0.128125
11 0.3796875 0.2828125 0.08125 0.0765625
11 0.33828125 0.50703125 0.0609375 0.2234375
11 0.46875 0.45078125 0.0296875 0.2140625
7 0.56875 0.08359375 0.0625 0.153125
7 0.6375 0.0796875 0.021875 0.146875
10 0.39609375 0.1328125 0.028125 0.0671875
9 0.98125 0.23828125 0.0375 0.1546875
9 0.92421875 0.2078125 0.025 0.1453125
9 0.98515625 0.1140625 0.0296875 0.03125
3 0.9796875 0.05390625 0.040625 0.0609375
12 0.9703125 0.71015625 0.0515625 0.2390625
10 0.41328125 0.06953125 0.040625 0.0140625