0 0.3078125 0.421875 0.40234375 0.61640625
0 0.04609375 0.5296875 0.09140625 0.13125
0 0.74140625 0.40546875 0.20625 0.24765625
0 0.88984375 0.40703125 0.103125 0.15625
2 0.4046875 0.41640625 0.11796875 0.396875
4 0.18828125 0.4328125 0.06484375 0.37578125
8 0.03046875 0.559375 0.0453125 0.05859375
8 0.034375 0.48671875 0.06796875 0.03046875
9 0.70859375 0.42421875 0.06640625 0.15859375
9 0.81796875 0.43203125 0.021875 0.19140625
9 0.7390625 0.296875 0.075 0.025
12 0.8625 0.42421875 0.034375 0.096875
12 0.88046875 0.34296875 0.078125 0.01953125
12 0.928125 0.428125 0.01171875 0.1125