0 0.25078125 0.5515625 0.2984375 0.4640625
0 0.5171875 0.1390625 0.1640625 0.2609375
0 0.65859375 0.10234375 0.1140625 0.15625
0 0.86953125 0.6921875 0.2609375 0.615625
0 0.92890625 0.15546875 0.1421875 0.2609375
12 0.2 0.5953125 0.071875 0.196875
12 0.3265625 0.571875 0.0609375 0.1984375
12 0.253125 0.40625 0.1078125 0.1015625
11 0.49375 0.15546875 0.034375 0.140625
11 0.56796875 0.14375 0.0234375 0.1375
11 0.5234375 0.0375 0.0671875 0.021875
6 0.64140625 0.12265625 0.0515625 0.09375
6 0.66484375 0.0453125 0.0578125 0.0265625
6 0.69296875 0.12265625 0.028125 0.10625
7 0.9515625 0.1296875 0.096875 0.203125
9 0.915625 0.8625 0.1375 0.275
9 0.94140625 0.51875 0.1171875 0.08125