0 0.10703125 0.15 0.1515625 0.2578125
0 0.3171875 0.2453125 0.1359375 0.125
0 0.48203125 0.434375 0.2296875 0.3296875
0 0.60703125 0.2765625 0.1453125 0.196875
0 0.42734375 0.29453125 0.065625 0.059375
0 0.92734375 0.48671875 0.1453125 0.2453125
0 0.90546875 0.78359375 0.171875 0.415625
0 0.86015625 0.4515625 0.0703125 0.10625
0 0.675 0.31484375 0.0578125 0.0828125
2 0.10703125 0.1609375 0.084375 0.1765625
13 0.46171875 0.43984375 0.0984375 0.1828125
13 0.54921875 0.4484375 0.053125 0.1828125
9 0.2921875 0.25 0.0421875 0.0734375
9 0.35234375 0.265625 0.0328125 0.078125
7 0.59453125 0.271875 0.0671875 0.13125
7 0.65078125 0.28515625 0.0359375 0.11875
5 0.9546875 0.49453125 0.090625 0.1484375
5 0.89296875 0.46796875 0.040625 0.1296875
10 0.87890625 0.75234375 0.059375 0.190625
5 0.86640625 0.4734375 0.0375 0.0625
11 0.659375 0.325 0.0203125 0.05