0 0.26484375 0.17890625 0.1 0.1640625
0 0.409375 0.32890625 0.15703125 0.2421875
0 0.66484375 0.70703125 0.31953125 0.525
0 0.69453125 0.2296875 0.146875 0.1890625
0 0.975 0.425 0.04921875 0.27578125
0 0.503125 0.25234375 0.09296875 0.07421875
0 0.90859375 0.33515625 0.12578125 0.1546875
2 0.26953125 0.1875 0.04296875 0.11015625
13 0.3515625 0.32890625 0.02265625 0.14140625
13 0.43359375 0.33984375 0.0546875 0.16171875
10 0.5640625 0.6796875 0.06171875 0.2484375
10 0.72421875 0.7328125 0.07734375 0.28828125
10 0.6609375 0.4828125 0.09140625 0.06328125
7 0.65234375 0.22734375 0.03359375 0.1296875
7 0.721875 0.23359375 0.03984375 0.13359375
9 0.51875 0.265625 0.0296875 0.05
11 0.88125 0.3140625 0.02109375 0.059375
11 0.9453125 0.32109375 0.01796875 0.0703125