0 0.17421875 0.3515625 0.3125 0.4296875
0 0.03671875 0.321875 0.0734375 0.25625
0 0.234375 0.090625 0.1375 0.1421875
0 0.48671875 0.05625 0.1578125 0.1125
0 0.390625 0.02265625 0.0421875 0.0328125
0 0.62109375 0.009375 0.1078125 0.01875
0 0.809375 0.68515625 0.38125 0.5953125
0 0.8875 0.14609375 0.18125 0.2921875
11 0.115625 0.396875 0.0609375 0.2046875
11 0.234375 0.35703125 0.0640625 0.209375
11 0.14296875 0.20078125 0.1140625 0.0703125
5 0.20390625 0.084375 0.0421875 0.1140625
5 0.2640625 0.0671875 0.040625 0.0921875
7 0.45390625 0.03671875 0.0515625 0.0734375
7 0.5296875 0.0296875 0.0375 0.059375
12 0.778125 0.81953125 0.1109375 0.2609375
12 0.8015625 0.5390625 0.190625 0.1375
9 0.90546875 0.1390625 0.090625 0.1859375
9 0.91640625 0.0046875 0.0671875 0.009375
6 0.02734375 0.346875 0.0546875 0.1625