0 0.2421875 0.33828125 0.3765625 0.48125
0 0.04609375 0.31328125 0.075 0.2015625
0 0.2765625 0.07578125 0.1875 0.1515625
0 0.4640625 0.03984375 0.109375 0.0796875
0 0.57734375 0.071875 0.1671875 0.14375
0 0.69296875 0.04609375 0.078125 0.0453125
0 0.93203125 0.22265625 0.1359375 0.2890625
0 0.83515625 0.72734375 0.3296875 0.5453125
11 0.1875 0.38671875 0.090625 0.209375
11 0.32890625 0.35390625 0.0765625 0.209375
11 0.2671875 0.18046875 0.1109375 0.0921875
12 0.903125 0.58046875 0.190625 0.1171875
12 0.8359375 0.8421875 0.1453125 0.25
7 0.5625 0.0484375 0.06875 0.096875
7 0.634375 0.0578125 0.0375 0.0828125
9 0.9578125 0.228125 0.084375 0.171875
9 0.990625 0.10546875 0.01875 0.0265625
5 0.25078125 0.05625 0.0640625 0.1125
5 0.321875 0.05390625 0.05625 0.1078125
10 0.45078125 0.034375 0.0203125 0.034375
13 0.671875 0.04375 0.0328125 0.040625