0 0.1765625 0.4734375 0.353125 0.465625
0 0.13515625 0.178125 0.1765625 0.2171875
0 0.01953125 0.496875 0.0390625 0.178125
0 0.40625 0.08984375 0.171875 0.1796875
0 0.3 0.09609375 0.0859375 0.0953125
0 0.515625 0.03359375 0.096875 0.0671875
0 0.82421875 0.12734375 0.2109375 0.2546875
0 0.84453125 0.6578125 0.3109375 0.596875
11 0.13046875 0.534375 0.08125 0.203125
11 0.24921875 0.46015625 0.071875 0.20625
11 0.13359375 0.3234375 0.115625 0.0875
5 0.1125 0.19921875 0.0609375 0.1203125
5 0.17734375 0.17265625 0.0546875 0.1265625
7 0.38046875 0.07578125 0.0703125 0.1296875
7 0.4546875 0.0578125 0.04375 0.115625
12 0.85 0.48671875 0.1859375 0.11875
12 0.8765625 0.7578125 0.13125 0.2546875
9 0.82265625 0.1203125 0.0890625 0.1703125
13 0.49765625 0.03046875 0.0390625 0.0609375
13 0.54609375 0.0265625 0.0234375 0.053125