0 0.05859375 0.39453125 0.1171875 0.1984375
0 0.4390625 0.22421875 0.2703125 0.3296875
0 0.6421875 0.29921875 0.1453125 0.1359375
0 0.7328125 0.346875 0.08125 0.0734375
0 0.94296875 0.546875 0.1140625 0.403125
0 0.9765625 0.30234375 0.046875 0.2359375
4 0.39296875 0.234375 0.0859375 0.203125
2 0.50078125 0.2421875 0.0875 0.1984375
9 0.61953125 0.3109375 0.05625 0.084375
9 0.68515625 0.3234375 0.0328125 0.08125
8 0.06015625 0.4046875 0.0546875 0.121875
8 0.06875 0.31875 0.0765625 0.04375
12 0.71328125 0.35625 0.03125 0.0375
12 0.75625 0.3625 0.0171875 0.040625