0 0.071875 0.49296875 0.14375 0.6359375
0 0.4640625 0.45 0.19765625 0.275
0 0.61953125 0.42109375 0.1125 0.15234375
0 0.98671875 0.353125 0.025 0.36796875
0 0.9671875 0.33828125 0.0515625 0.1453125
9 0.4296875 0.4765625 0.059375 0.1875
9 0.53671875 0.4671875 0.03046875 0.19296875
9 0.46328125 0.33359375 0.07421875 0.02890625
2 0.03046875 0.52265625 0.06015625 0.42578125
12 0.60703125 0.43984375 0.0328125 0.09921875
12 0.62265625 0.35859375 0.06796875 0.01875
12 0.6640625 0.43828125 0.01171875 0.11484375