0 0.69140625 0.4546875 0.2890625 0.45625
0 0.06171875 0.61328125 0.12265625 0.44609375
0 0.23828125 0.328125 0.15078125 0.21171875
0 0.3234375 0.221875 0.09140625 0.13515625
0 0.6046875 0.225 0.12109375 0.20625
0 0.5296875 0.27578125 0.0265625 0.06484375
0 0.84921875 0.36796875 0.040625 0.08203125
0 0.9578125 0.35859375 0.084375 0.2203125
10 0.0625 0.5953125 0.05 0.25390625
13 0.225 0.3296875 0.04765625 0.1453125
13 0.2984375 0.3296875 0.01484375 0.13203125
2 0.31328125 0.22578125 0.03515625 0.096875
3 0.3609375 0.2265625 0.009375 0.0859375
7 0.603125 0.1859375 0.0359375 0.08046875
5 0.690625 0.45703125 0.1359375 0.31875
11 0.95078125 0.35546875 0.02109375 0.1359375