0 0.5375 0.33984375 0.43125 0.5515625
0 0.14140625 0.3953125 0.1546875 0.153125
0 0.83359375 0.43828125 0.2328125 0.240625
0 0.946875 0.49140625 0.10625 0.1515625
8 0.14765625 0.41484375 0.0484375 0.053125
8 0.08515625 0.4078125 0.0296875 0.0640625
8 0.15234375 0.35390625 0.084375 0.0515625
4 0.45625 0.3359375 0.1328125 0.3125
2 0.6203125 0.36328125 0.15 0.3296875
9 0.8046875 0.44453125 0.0921875 0.1390625
9 0.8984375 0.4734375 0.0546875 0.1515625
12 0.9203125 0.5 0.0484375 0.0921875
9 0.859375 0.35234375 0.059375 0.034375