0 0.34453125 0.359375 0.175 0.2484375
4 0.16875 0.209375 0.11875 0.1765625
0 0.64375 0.70859375 0.3296875 0.5265625
0 0.4171875 0.26875 0.0984375 0.0859375
0 0.6109375 0.23515625 0.1484375 0.1875
0 0.93125 0.4140625 0.1375 0.29375
0 0.80546875 0.31953125 0.1203125 0.1515625
10 0.55859375 0.69296875 0.075 0.24375
10 0.71171875 0.721875 0.0796875 0.2703125
10 0.63203125 0.49140625 0.096875 0.0640625
13 0.37421875 0.36171875 0.0578125 0.1609375
13 0.2875 0.359375 0.0328125 0.1453125
2 0.17578125 0.215625 0.053125 0.1203125
7 0.571875 0.2359375 0.0390625 0.1234375
7 0.640625 0.23828125 0.04375 0.1296875
5 0.95 0.40859375 0.1 0.1890625
11 0.78203125 0.30078125 0.021875 0.05
11 0.8390625 0.3046875 0.0171875 0.059375
9 0.43671875 0.28046875 0.0265625 0.053125
9 0.12109375 0.21796875 0.015625 0.10625