0 0.03828125 0.4046875 0.0765625 0.278125
0 0.3 0.4328125 0.3078125 0.459375
0 0.23671875 0.1171875 0.1625 0.2171875
0 0.40859375 0.0953125 0.1 0.115625
0 0.55625 0.09609375 0.153125 0.1921875
0 0.65546875 0.06015625 0.0578125 0.103125
0 0.915625 0.74765625 0.16875 0.5046875
0 0.93515625 0.23515625 0.1296875 0.2765625
0 0.95703125 0.06953125 0.0859375 0.0828125
11 0.26328125 0.48671875 0.0640625 0.215625
11 0.3953125 0.43828125 0.0375 0.2109375
11 0.31328125 0.26953125 0.0921875 0.0796875
6 0.0203125 0.42109375 0.040625 0.14375
5 0.21015625 0.13125 0.0515625 0.125
5 0.2828125 0.1203125 0.0375 0.125
5 0.2359375 0.0296875 0.071875 0.0234375
10 0.3953125 0.10625 0.0234375 0.05625
7 0.54140625 0.07734375 0.0625 0.1546875
7 0.61328125 0.078125 0.028125 0.1421875
9 0.9625 0.25234375 0.0734375 0.1625
9 0.96875 0.12578125 0.0625 0.0390625
12 0.9625 0.59609375 0.0671875 0.065625
12 0.87890625 0.72265625 0.05 0.23125
3 0.975 0.0625 0.05 0.065625
13 0.6703125 0.07265625 0.015625 0.078125
10 0.4140625 0.05234375 0.0390625 0.021875