0 0.12421875 0.66484375 0.2484375 0.4984375
0 0.215625 0.1765625 0.2109375 0.2765625
0 0.35234375 0.10390625 0.1265625 0.1609375
0 0.7203125 0.5984375 0.4546875 0.71875
0 0.60625 0.096875 0.2 0.19375
0 0.89296875 0.0671875 0.0765625 0.134375
12 0.1328125 0.66875 0.1046875 0.221875
12 0.03046875 0.50859375 0.0609375 0.0859375
9 0.71484375 0.6875 0.18125 0.309375
9 0.68515625 0.378125 0.2109375 0.134375
11 0.19765625 0.19921875 0.05625 0.1421875
11 0.26875 0.16484375 0.0453125 0.1375
11 0.190625 0.075 0.0703125 0.03125
7 0.59140625 0.06953125 0.1046875 0.1390625
6 0.34453125 0.1265625 0.059375 0.0953125
6 0.39140625 0.1140625 0.0390625 0.1015625
6 0.34140625 0.05078125 0.059375 0.03125
10 0.8953125 0.065625 0.0421875 0.1078125