0 0.3484375 0.35546875 0.18671875 0.28671875
0 0.015625 0.16171875 0.03125 0.21015625
0 0.21640625 0.21484375 0.121875 0.09921875
0 0.490625 0.19140625 0.11640625 0.17890625
0 0.58046875 0.2234375 0.06640625 0.07421875
0 0.8453125 0.61953125 0.2265625 0.40859375
0 0.8484375 0.3328125 0.13984375 0.215625
0 0.77734375 0.32109375 0.02265625 0.08359375
13 0.31953125 0.36328125 0.0578125 0.1703125
13 0.4140625 0.35546875 0.0265625 0.16796875
9 0.18984375 0.2234375 0.0296875 0.06640625
9 0.25390625 0.23125 0.0234375 0.06875
7 0.4734375 0.18984375 0.04296875 0.1203125
7 0.5328125 0.18984375 0.0171875 0.11796875
5 0.84765625 0.33359375 0.0671875 0.13984375
10 0.8375 0.64140625 0.0921875 0.20625
10 0.84921875 0.45625 0.1265625 0.0453125
11 0.56875 0.23359375 0.0171875 0.04609375