0 0.17578125 0.5234375 0.3515625 0.503125
0 0.79296875 0.6953125 0.4140625 0.609375
0 0.49609375 0.13828125 0.1953125 0.26875
0 0.640625 0.11953125 0.1265625 0.1625
0 0.90234375 0.19609375 0.1953125 0.2640625
12 0.1078125 0.5609375 0.1046875 0.203125
12 0.1875 0.37265625 0.125 0.1234375
12 0.24453125 0.5453125 0.0921875 0.2078125
11 0.4703125 0.15234375 0.053125 0.1375
11 0.546875 0.14921875 0.040625 0.1328125
11 0.51640625 0.0390625 0.06875 0.03125
6 0.6234375 0.1375 0.0609375 0.0984375
6 0.67421875 0.14296875 0.0375 0.1015625
6 0.65390625 0.065625 0.0609375 0.034375
9 0.78671875 0.85703125 0.2078125 0.2859375
9 0.884375 0.56015625 0.23125 0.1515625
7 0.9125 0.171875 0.11875 0.1984375