0 0.14140625 0.2640625 0.2828125 0.3625
0 0.4484375 0.10703125 0.13984375 0.20390625
0 0.3515625 0.125 0.0609375 0.1203125
0 0.7953125 0.59296875 0.30859375 0.5625
0 0.85234375 0.22421875 0.16875 0.21328125
0 0.5546875 0.165625 0.0734375 0.0671875
5 0.2171875 0.2578125 0.0671875 0.23515625
5 0.071875 0.2609375 0.07109375 0.24609375
6 0.78359375 0.6046875 0.175 0.33046875
6 0.80390625 0.346875 0.18671875 0.05
7 0.42421875 0.10546875 0.04453125 0.14296875
7 0.49453125 0.10546875 0.0234375 0.14296875
2 0.34765625 0.12734375 0.028125 0.0859375
9 0.534375 0.17890625 0.028125 0.0421875
9 0.578125 0.17578125 0.0125 0.04765625
11 0.84765625 0.234375 0.04453125 0.16640625