0 0.03125 0.19765625 0.0625 0.2296875
0 0.23984375 0.25 0.12734375 0.10546875
0 0.4109375 0.39375 0.184375 0.2953125
0 0.90859375 0.646875 0.18203125 0.40234375
0 0.5265625 0.2203125 0.11640625 0.17890625
0 0.8890625 0.3546875 0.14765625 0.21171875
0 0.80625 0.34296875 0.0390625 0.08984375
0 0.60625 0.2484375 0.0546875 0.07421875
13 0.390625 0.40390625 0.0640625 0.17578125
13 0.48125 0.39375 0.0234375 0.17578125
2 0.0171875 0.20546875 0.034375 0.165625
9 0.21328125 0.25703125 0.0296875 0.0671875
9 0.278125 0.2640625 0.0203125 0.07265625
7 0.51328125 0.21796875 0.0453125 0.12421875
7 0.56953125 0.2203125 0.015625 0.1203125
10 0.94140625 0.6765625 0.09921875 0.21015625
5 0.89296875 0.35859375 0.06875 0.1375
6 0.81484375 0.36015625 0.0171875 0.05859375
11 0.59140625 0.25859375 0.01796875 0.04609375