0 0.5953125 0.54296875 0.19140625 0.37421875
0 0.1421875 0.30703125 0.21640625 0.2859375
0 0.0625 0.16953125 0.12421875 0.09296875
0 0.3359375 0.14375 0.125 0.18359375
0 0.44921875 0.18203125 0.08125 0.07578125
0 0.66875 0.278125 0.11640625 0.20234375
13 0.10546875 0.3109375 0.05546875 0.17734375
13 0.21171875 0.303125 0.0375 0.17734375
10 0.584375 0.56171875 0.07890625 0.19453125
10 0.60234375 0.38828125 0.10859375 0.03828125
5 0.6640625 0.28046875 0.0578125 0.1296875
7 0.31640625 0.140625 0.04296875 0.12578125
7 0.37890625 0.1453125 0.0234375 0.11875
9 0.025 0.1796875 0.03046875 0.06640625
11 0.4390625 0.19296875 0.01875 0.04765625