0 0.03828125 0.259375 0.0765625 0.246875
0 0.23984375 0.29375 0.1328125 0.11875
0 0.43515625 0.42421875 0.2125 0.3171875
0 0.92578125 0.6421875 0.1484375 0.415625
0 0.90625 0.3484375 0.175 0.234375
0 0.815625 0.340625 0.0546875 0.09375
0 0.5234375 0.240625 0.134375 0.19375
0 0.603125 0.26171875 0.0578125 0.0828125
13 0.41640625 0.4375 0.084375 0.1796875
13 0.50546875 0.41875 0.0421875 0.184375
2 0.02265625 0.26953125 0.0453125 0.1671875
9 0.2140625 0.30390625 0.040625 0.0703125
9 0.27734375 0.30390625 0.03125 0.078125
7 0.50859375 0.24140625 0.059375 0.1328125
7 0.5671875 0.23515625 0.0296875 0.1234375
5 0.9109375 0.3484375 0.084375 0.1453125
10 0.975 0.684375 0.05 0.203125
6 0.82578125 0.3546875 0.0296875 0.0625
11 0.58671875 0.27265625 0.0203125 0.0484375