0 0.08984375 0.53046875 0.1796875 0.4890625
0 0.6375 0.659375 0.41875 0.68125
0 0.33046875 0.11953125 0.2046875 0.2390625
0 0.4875 0.08671875 0.1234375 0.1578125
0 0.7296875 0.1421875 0.1890625 0.2390625
0 0.98515625 0.23359375 0.0296875 0.1703125
12 0.065625 0.5328125 0.1 0.2234375
12 0.03828125 0.3328125 0.040625 0.05625
11 0.30546875 0.11640625 0.05 0.140625
11 0.3859375 0.1109375 0.0390625 0.1375
11 0.34453125 0.00859375 0.0703125 0.0171875
9 0.59765625 0.7484375 0.16875 0.30625
9 0.6828125 0.45234375 0.2046875 0.125
7 0.72578125 0.1203125 0.1015625 0.1828125
6 0.4703125 0.1046875 0.0609375 0.0953125
6 0.52265625 0.1078125 0.0390625 0.0984375
6 0.4984375 0.0328125 0.0578125 0.0359375
10 0.98984375 0.23984375 0.0203125 0.1078125