0 0.12265625 0.2953125 0.2296875 0.303125
0 0.6109375 0.51875 0.3703125 0.54375
0 0.56015625 0.265625 0.175 0.2640625
0 0.8640625 0.446875 0.209375 0.2625
7 0.590625 0.5875 0.1671875 0.26875
7 0.64140625 0.334375 0.1765625 0.1078125
11 0.58046875 0.16875 0.0375 0.0453125
12 0.109375 0.328125 0.0859375 0.153125
12 0.14140625 0.19609375 0.1015625 0.0515625
12 0.18984375 0.30390625 0.05625 0.1421875
6 0.875 0.48203125 0.0921875 0.13125
6 0.81171875 0.4265625 0.065625 0.134375
6 0.88984375 0.36484375 0.0921875 0.071875