0 0.2328125 0.5125 0.384375 0.5703125
0 0.5359375 0.10078125 0.18125 0.2015625
0 0.9546875 0.171875 0.090625 0.21875
0 0.94296875 0.078125 0.040625 0.0328125
0 0.66640625 0.06171875 0.1109375 0.096875
0 0.9109375 0.7125 0.178125 0.575
12 0.18125 0.56953125 0.1046875 0.228125
12 0.2609375 0.3484375 0.1328125 0.1390625
12 0.3328125 0.54921875 0.075 0.225
11 0.5171875 0.0703125 0.053125 0.140625
6 0.6515625 0.05546875 0.0609375 0.08125
7 0.98203125 0.1515625 0.0359375 0.1625
9 0.9203125 0.74140625 0.11875 0.3
6 0.7015625 0.06640625 0.0296875 0.08125