0 0.02265625 0.18359375 0.04453125 0.21953125
0 0.22578125 0.23515625 0.12265625 0.1015625
0 0.37109375 0.3734375 0.18515625 0.28984375
0 0.5046875 0.2046875 0.1171875 0.18125
0 0.884375 0.63359375 0.23046875 0.41015625
0 0.865625 0.3390625 0.14296875 0.21328125
0 0.7921875 0.3265625 0.0296875 0.0875
0 0.5921875 0.2328125 0.06484375 0.07421875
10 0.88046875 0.65625 0.0984375 0.2140625
10 0.8828125 0.46640625 0.13671875 0.04921875
13 0.3453125 0.3828125 0.0609375 0.17890625
13 0.4375 0.371875 0.028125 0.17734375
9 0.2015625 0.2421875 0.03203125 0.06640625
9 0.26171875 0.24765625 0.02578125 0.07265625
5 0.8671875 0.34140625 0.0703125 0.1375
11 0.57734375 0.24296875 0.01796875 0.04921875
7 0.4859375 0.20390625 0.0484375 0.121875
7 0.546875 0.20234375 0.0171875 0.121875
2 0.00703125 0.19375 0.0140625 0.14921875