0 0.28828125 0.21015625 0.2703125 0.3234375
0 0.496875 0.3015625 0.1421875 0.1390625
0 0.78515625 0.5828125 0.2984375 0.41875
0 0.83984375 0.33203125 0.1640625 0.1890625
0 0.584375 0.35234375 0.09375 0.0953125
4 0.240625 0.2109375 0.090625 0.1890625
2 0.3453125 0.2359375 0.090625 0.1890625
9 0.47734375 0.30625 0.053125 0.0828125
9 0.53671875 0.325 0.034375 0.0828125
13 0.77734375 0.5984375 0.1484375 0.2296875
13 0.83203125 0.4265625 0.1296875 0.0578125
7 0.83046875 0.34296875 0.0921875 0.1421875
12 0.571875 0.35859375 0.0375 0.0578125
12 0.61015625 0.36953125 0.0203125 0.0515625