0 0.196875 0.4921875 0.2078125 0.271875
0 0.215625 0.35 0.1140625 0.05
0 0.546875 0.78671875 0.259375 0.4265625
0 0.74296875 0.52578125 0.15 0.2328125
0 0.4390625 0.36171875 0.13125 0.171875
0 0.5765625 0.40625 0.0875 0.0796875
0 0.36171875 0.3984375 0.03125 0.0171875
0 0.82109375 0.53203125 0.040625 0.103125
13 0.146875 0.49140625 0.0515625 0.1578125
13 0.24375 0.49296875 0.059375 0.16875
7 0.41171875 0.3578125 0.0453125 0.11875
7 0.47265625 0.36484375 0.0375 0.1171875
10 0.50546875 0.81015625 0.0890625 0.2234375
10 0.628125 0.8109375 0.046875 0.2328125
10 0.56171875 0.6234375 0.10625 0.053125
5 0.73359375 0.5234375 0.0734375 0.1484375
11 0.56171875 0.41328125 0.021875 0.05
11 0.60390625 0.41875 0.0125 0.05
6 0.828125 0.54609375 0.0171875 0.0703125