0 0.28828125 0.5578125 0.2859375 0.46875
0 0.909375 0.66640625 0.18125 0.6296875
0 0.50703125 0.1265625 0.1609375 0.253125
0 0.92109375 0.11640625 0.1296875 0.2328125
0 0.6375 0.07578125 0.115625 0.1515625
12 0.2421875 0.60625 0.065625 0.2
12 0.3671875 0.5734375 0.053125 0.2
12 0.2765625 0.4125 0.10625 0.103125
11 0.4828125 0.1375 0.0328125 0.140625
11 0.55703125 0.1203125 0.0203125 0.1390625
11 0.5 0.0140625 0.06875 0.0265625
6 0.6234375 0.09453125 0.05 0.0984375
6 0.675 0.0890625 0.028125 0.10625
6 0.6359375 0.01484375 0.0640625 0.0296875
7 0.94453125 0.0921875 0.0796875 0.184375
9 0.98125 0.8640625 0.0375 0.225
9 0.97578125 0.471875 0.0484375 0.0625