0 0.13125 0.26015625 0.2390625 0.3171875
0 0.52421875 0.55234375 0.246875 0.390625
0 0.34765625 0.12890625 0.1578125 0.2015625
0 0.6515625 0.31171875 0.140625 0.2140625
0 0.46328125 0.1828125 0.0921875 0.084375
10 0.503125 0.57421875 0.1046875 0.209375
10 0.553125 0.4078125 0.10625 0.0546875
5 0.6484375 0.3125 0.078125 0.140625
13 0.0703125 0.25859375 0.0828125 0.1859375
13 0.1828125 0.26796875 0.071875 0.1921875
7 0.32890625 0.121875 0.0640625 0.1328125
7 0.39140625 0.1359375 0.0421875 0.121875
11 0.45390625 0.19140625 0.025 0.05
11 0.49453125 0.19609375 0.0171875 0.05625