0 0.51484375 0.55625 0.2125 0.375
0 0.103125 0.30859375 0.2015625 0.2984375
0 0.30390625 0.1515625 0.1390625 0.1859375
0 0.62421875 0.3 0.1203125 0.2046875
0 0.05625 0.14765625 0.0796875 0.053125
0 0.42890625 0.19453125 0.084375 0.08125
10 0.49609375 0.57578125 0.0828125 0.2
10 0.52734375 0.40546875 0.103125 0.040625
5 0.6203125 0.30078125 0.0625 0.134375
7 0.284375 0.14921875 0.05 0.128125
7 0.3484375 0.1546875 0.0296875 0.121875
13 0.15 0.3078125 0.05 0.18125
13 0.0375 0.3140625 0.059375 0.1765625
11 0.41953125 0.2046875 0.01875 0.0484375
11 0.46015625 0.20703125 0.0109375 0.053125