0 0.315625 0.33359375 0.1890625 0.2859375
0 0.19296875 0.19140625 0.125 0.1015625
0 0.46796875 0.17421875 0.11953125 0.18515625
0 0.79609375 0.60703125 0.221875 0.4046875
0 0.81796875 0.32734375 0.1359375 0.215625
0 0.56015625 0.2109375 0.07578125 0.07578125
0 0.75078125 0.3140625 0.0171875 0.08359375
13 0.2828125 0.33828125 0.0578125 0.16953125
13 0.3796875 0.33515625 0.02890625 0.17578125
9 0.1671875 0.19921875 0.0328125 0.0625
9 0.234375 0.18359375 0.0171875 0.0234375
7 0.45 0.171875 0.04140625 0.1296875
7 0.509375 0.178125 0.01875 0.12265625
11 0.55 0.2234375 0.01875 0.05
5 0.81484375 0.328125 0.06953125 0.1375
10 0.78515625 0.62734375 0.09609375 0.2078125
10 0.7984375 0.44453125 0.128125 0.0453125