0 0.046875 0.23984375 0.071875 0.184375
0 0.2359375 0.44296875 0.209375 0.2796875
0 0.55859375 0.78515625 0.2984375 0.4296875
0 0.7984375 0.56171875 0.178125 0.259375
0 0.27734375 0.3140625 0.1109375 0.0546875
0 0.48984375 0.34765625 0.140625 0.184375
0 0.634375 0.4171875 0.096875 0.0890625
0 0.8859375 0.5828125 0.0578125 0.1171875
10 0.50546875 0.8171875 0.0921875 0.234375
10 0.63828125 0.84453125 0.059375 0.25
10 0.58046875 0.62734375 0.10625 0.0671875
13 0.1796875 0.4359375 0.0515625 0.159375
13 0.275 0.45390625 0.065625 0.165625
2 0.03125 0.24375 0.0390625 0.128125
5 0.78515625 0.55859375 0.0859375 0.1609375
11 0.61796875 0.421875 0.0203125 0.0484375
11 0.6625 0.43125 0.015625 0.0515625
7 0.45859375 0.3421875 0.04375 0.1203125
7 0.52109375 0.3546875 0.0390625 0.1203125