0 0.3078125 0.28046875 0.2359375 0.3125
0 0.22109375 0.12421875 0.1390625 0.1125
0 0.4953125 0.15234375 0.1453125 0.196875
0 0.73125 0.61640625 0.271875 0.421875
0 0.81015625 0.3546875 0.159375 0.23125
0 0.5828125 0.20546875 0.090625 0.0875
13 0.275 0.28359375 0.08125 0.1796875
13 0.375 0.29140625 0.0609375 0.175
9 0.18984375 0.13046875 0.0421875 0.071875
7 0.47578125 0.146875 0.0640625 0.1296875
7 0.53515625 0.1609375 0.040625 0.1203125
5 0.809375 0.3515625 0.084375 0.14375
11 0.5734375 0.21328125 0.025 0.0515625
10 0.7171875 0.63359375 0.1203125 0.2171875
10 0.759375 0.459375 0.1296875 0.0640625