0 0.3796875 0.50625 0.32109375 0.61796875
0 0.05390625 0.09296875 0.1078125 0.18515625
0 0.19453125 0.028125 0.11484375 0.05546875
0 0.4328125 0.0421875 0.15234375 0.084375
0 0.87109375 0.090625 0.20390625 0.18125
0 0.74609375 0.034375 0.07421875 0.06875
9 0.3734375 0.60859375 0.11484375 0.2859375
9 0.4015625 0.28671875 0.19296875 0.0859375
11 0.0640625 0.05859375 0.028125 0.1171875
7 0.42734375 0.01875 0.0703125 0.03671875
6 0.18203125 0.028125 0.04765625 0.05625
6 0.2375 0.0203125 0.01953125 0.040625
13 0.884375 0.0984375 0.0796875 0.165625
13 0.7953125 0.07109375 0.03046875 0.14140625
10 0.765625 0.03359375 0.0328125 0.0671875
10 0.71953125 0.0296875 0.01015625 0.059375