0 0.21484375 0.5578125 0.30625 0.52265625
0 0.453125 0.10390625 0.15390625 0.20703125
0 0.9140625 0.11328125 0.171875 0.22578125
0 0.9265625 0.68046875 0.146875 0.63671875
0 0.575 0.053125 0.09765625 0.10546875
12 0.17109375 0.62109375 0.0703125 0.215625
12 0.2140625 0.39453125 0.11640625 0.11640625
12 0.315625 0.57578125 0.04375 0.21953125
11 0.43125 0.08515625 0.03125 0.14921875
11 0.509375 0.0734375 0.01328125 0.146875
9 0.8921875 0.66171875 0.06015625 0.2859375
7 0.9203125 0.08515625 0.0921875 0.1703125
6 0.5625 0.046875 0.04765625 0.09375
6 0.6125 0.04921875 0.015625 0.0984375
0 0.84453125 0.025 0.02421875 0.05