0 0.0921875 0.48203125 0.184375 0.3453125
0 0.2359375 0.39140625 0.1484375 0.1734375
0 0.63203125 0.278125 0.228125 0.353125
0 0.81640625 0.7734375 0.3671875 0.428125
0 0.90234375 0.33671875 0.1546875 0.1703125
0 0.5265625 0.26015625 0.0234375 0.1359375
12 0.228125 0.41875 0.046875 0.1109375
9 0.01640625 0.54609375 0.0328125 0.2171875
9 0.1234375 0.484375 0.0671875 0.221875
9 0.03046875 0.35 0.0609375 0.05
7 0.6265625 0.28359375 0.121875 0.2421875
6 0.9203125 0.35703125 0.065625 0.1015625
6 0.896875 0.27109375 0.078125 0.0375
6 0.8453125 0.31953125 0.03125 0.053125
12 0.23046875 0.32734375 0.078125 0.0234375
12 0.28984375 0.40234375 0.025 0.1234375
13 0.88359375 0.71796875 0.2328125 0.1796875