0 0.3359375 0.4125 0.2125 0.275
0 0.11953125 0.29296875 0.1453125 0.1875
0 0.7109375 0.69765625 0.3890625 0.553125
0 0.9140625 0.3640625 0.171875 0.29375
0 0.56640625 0.24921875 0.1640625 0.2015625
0 0.375 0.309375 0.109375 0.0921875
0 0.7515625 0.2703125 0.11875 0.1
13 0.36796875 0.41328125 0.078125 0.1609375
13 0.28203125 0.42265625 0.0546875 0.1515625
2 0.13046875 0.2984375 0.06875 0.1234375
4 0.0734375 0.309375 0.0328125 0.10625
10 0.634375 0.7 0.1171875 0.2515625
10 0.7890625 0.69765625 0.1078125 0.275
10 0.67265625 0.48984375 0.1109375 0.0734375
5 0.9328125 0.35703125 0.1171875 0.1890625
11 0.73359375 0.28125 0.028125 0.05
11 0.7875 0.27578125 0.021875 0.0578125
7 0.53125 0.2546875 0.05625 0.121875
7 0.596875 0.24296875 0.0546875 0.125