0 0.06171875 0.54140625 0.12265625 0.35859375
0 0.25078125 0.2125 0.14453125 0.2046875
0 0.4328125 0.49453125 0.24921875 0.45234375
0 0.40078125 0.18515625 0.0875 0.10546875
0 0.5953125 0.125 0.13359375 0.2265625
0 0.959375 0.2421875 0.08046875 0.253125
0 0.95390625 0.06953125 0.0890625 0.1390625
6 0.04921875 0.54296875 0.0859375 0.2046875
6 0.0203125 0.39296875 0.040625 0.03984375
11 0.4171875 0.5453125 0.05078125 0.234375
11 0.44296875 0.31640625 0.0671875 0.06640625
11 0.53984375 0.4859375 0.0140625 0.22890625
5 0.228125 0.225 0.046875 0.12734375
5 0.3 0.2109375 0.0296875 0.12578125
10 0.3890625 0.20390625 0.028125 0.06875
7 0.58125 0.1296875 0.05859375 0.153125
3 0.9734375 0.06484375 0.053125 0.1140625
9 0.93984375 0.2390625 0.02421875 0.1484375
7 0.64921875 0.1203125 0.01328125 0.153125