0 0.21015625 0.52265625 0.3671875 0.55625
0 0.5015625 0.10625 0.178125 0.2125
0 0.92890625 0.16640625 0.1421875 0.2453125
0 0.89453125 0.703125 0.2109375 0.59375
0 0.62890625 0.065625 0.109375 0.1171875
12 0.15859375 0.58046875 0.0953125 0.221875
12 0.22890625 0.36015625 0.1296875 0.1296875
12 0.3078125 0.553125 0.0703125 0.2234375
11 0.48203125 0.0796875 0.0484375 0.1515625
11 0.5609375 0.078125 0.03125 0.146875
9 0.86953125 0.70859375 0.0953125 0.290625
7 0.95546875 0.13984375 0.0890625 0.1796875
6 0.6171875 0.0578125 0.059375 0.0984375
6 0.66640625 0.06640625 0.028125 0.1
0 0.9 0.0703125 0.0296875 0.053125