0 0.0765625 0.165625 0.153125 0.246875
0 0.4421875 0.07734375 0.1625 0.1546875
0 0.20625 0.0875 0.1265625 0.121875
0 0.865625 0.10703125 0.2 0.2140625
0 0.75390625 0.053125 0.1046875 0.10625
0 0.47109375 0.5578125 0.3703125 0.64375
9 0.47109375 0.65234375 0.146875 0.2953125
9 0.46328125 0.34140625 0.19375 0.1078125
11 0.02109375 0.17578125 0.0421875 0.1546875
11 0.09921875 0.1359375 0.04375 0.15
6 0.19609375 0.0984375 0.0609375 0.09375
6 0.24765625 0.08046875 0.0359375 0.1
7 0.43671875 0.0546875 0.08125 0.1078125
13 0.9078125 0.1171875 0.103125 0.1734375
13 0.81171875 0.09375 0.0515625 0.15
10 0.775 0.053125 0.05 0.09375
10 0.72265625 0.0484375 0.0265625 0.096875