0 0.0765625 0.44375 0.153125 0.378125
0 0.278125 0.17578125 0.1640625 0.2140625
0 0.52265625 0.43359375 0.2703125 0.4546875
0 0.64375 0.1515625 0.1484375 0.228125
0 0.41328125 0.18671875 0.0984375 0.1
0 0.95546875 0.321875 0.0890625 0.2375
0 0.95078125 0.16640625 0.0984375 0.1609375
6 0.06796875 0.44296875 0.1015625 0.21875
6 0.0453125 0.2859375 0.05625 0.0484375
5 0.25625 0.18125 0.0609375 0.1328125
11 0.5109375 0.46484375 0.0796875 0.253125
11 0.55078125 0.24765625 0.059375 0.0421875
7 0.63515625 0.1453125 0.071875 0.1578125
9 0.99609375 0.35546875 0.0078125 0.1140625
9 0.9515625 0.3125 0.0375 0.1375
5 0.328125 0.1828125 0.0359375 0.1296875
3 0.97421875 0.1671875 0.0515625 0.1
2 0.9234375 0.16328125 0.028125 0.103125
10 0.403125 0.2046875 0.0296875 0.059375