0 0.14296875 0.6046875 0.2859375 0.453125
0 0.3890625 0.15625 0.14921875 0.240625
0 0.528125 0.1109375 0.0984375 0.15078125
0 0.803125 0.12109375 0.17421875 0.24140625
0 0.828125 0.675 0.34296875 0.65
7 0.08828125 0.65703125 0.06953125 0.20078125
7 0.128125 0.45234375 0.11015625 0.10078125
7 0.2234375 0.61171875 0.0546875 0.2046875
9 0.8109375 0.8 0.14140625 0.30390625
9 0.84765625 0.4765625 0.21484375 0.10703125
11 0.3671875 0.175 0.02734375 0.1359375
11 0.440625 0.15703125 0.01484375 0.1359375
11 0.38515625 0.05703125 0.0640625 0.01875
6 0.5140625 0.13125 0.04453125 0.08828125
6 0.5296875 0.0546875 0.0546875 0.02265625
6 0.56484375 0.12734375 0.01796875 0.09765625
7 0.79375 0.09765625 0.0796875 0.190625