0 0.51171875 0.55703125 0.2296875 0.3828125
0 0.1140625 0.28828125 0.215625 0.30625
0 0.32265625 0.1421875 0.1484375 0.1921875
0 0.634375 0.30703125 0.1296875 0.209375
0 0.075 0.125 0.08125 0.05625
0 0.4453125 0.19140625 0.0890625 0.084375
10 0.4921875 0.575 0.0921875 0.203125
10 0.5328125 0.40703125 0.1046875 0.046875
5 0.63046875 0.30703125 0.06875 0.1359375
7 0.303125 0.13828125 0.05625 0.1296875
7 0.36640625 0.14765625 0.0359375 0.121875
13 0.1609375 0.28984375 0.059375 0.1828125
13 0.04765625 0.28984375 0.0671875 0.178125
11 0.43515625 0.20078125 0.0203125 0.0484375
11 0.475 0.20546875 0.0140625 0.053125