0 0.0875 0.40625 0.175 0.384375
0 0.30703125 0.1578125 0.1796875 0.225
0 0.528125 0.43515625 0.3046875 0.46875
0 0.6734375 0.16484375 0.165625 0.2359375
0 0.44140625 0.18046875 0.10625 0.10625
0 0.9578125 0.36328125 0.084375 0.2421875
0 0.96171875 0.20859375 0.0765625 0.1703125
6 0.07421875 0.40546875 0.11875 0.2234375
6 0.06640625 0.246875 0.059375 0.053125
5 0.28515625 0.1609375 0.071875 0.134375
11 0.5140625 0.46640625 0.1 0.2546875
11 0.57265625 0.253125 0.0625 0.0453125
7 0.665625 0.1578125 0.084375 0.1609375
9 0.96640625 0.35234375 0.0484375 0.1375
5 0.35625 0.16875 0.046875 0.1296875
3 0.98515625 0.2109375 0.0296875 0.103125
2 0.95078125 0.2015625 0.0359375 0.103125
10 0.42890625 0.19765625 0.034375 0.0609375