0 0.0671875 0.49296875 0.134375 0.3609375
0 0.409375 0.46796875 0.290625 0.4671875
0 0.27109375 0.16875 0.1609375 0.2140625
0 0.42578125 0.14296875 0.096875 0.1109375
0 0.609375 0.11015625 0.15 0.215625
0 0.96484375 0.228125 0.0703125 0.259375
0 0.97109375 0.07578125 0.0578125 0.0921875
0 0.690625 0.08515625 0.03125 0.10625
6 0.04921875 0.4921875 0.0984375 0.196875
6 0.02734375 0.34609375 0.0390625 0.040625
11 0.42734375 0.29375 0.075 0.075
11 0.38671875 0.52109375 0.0671875 0.2296875
11 0.5140625 0.46796875 0.03125 0.221875
5 0.24609375 0.18515625 0.053125 0.125
5 0.31875 0.17265625 0.034375 0.1234375
10 0.4125 0.16328125 0.0296875 0.0734375
7 0.6 0.10234375 0.06875 0.15625
7 0.66875 0.09609375 0.0234375 0.153125
9 0.9578125 0.2234375 0.0328125 0.1484375
3 0.9921875 0.06875 0.015625 0.071875