0 0.15234375 0.55390625 0.3046875 0.4890625
0 0.43828125 0.14453125 0.18125 0.259375
0 0.58203125 0.11875 0.11875 0.1625
0 0.853125 0.1671875 0.20625 0.2640625
0 0.79296875 0.6859375 0.4140625 0.628125
7 0.0703125 0.5984375 0.096875 0.2078125
7 0.13828125 0.40078125 0.1234375 0.115625
7 0.2109375 0.571875 0.0828125 0.2109375
9 0.76640625 0.83984375 0.1828125 0.3203125
9 0.84765625 0.525 0.228125 0.1359375
11 0.4140625 0.159375 0.0453125 0.1390625
11 0.4890625 0.15234375 0.034375 0.1359375
11 0.44765625 0.0453125 0.065625 0.028125
6 0.565625 0.13671875 0.05625 0.09375
6 0.59140625 0.06328125 0.0578125 0.0296875
6 0.61640625 0.13984375 0.03125 0.0984375
7 0.846875 0.1421875 0.1046875 0.2