0 0.6703125 0.64296875 0.36875 0.571875
0 0.4703125 0.29453125 0.165625 0.24375
0 0.36328125 0.17421875 0.09375 0.153125
0 0.790625 0.14609375 0.184375 0.221875
0 0.6046875 0.21015625 0.1 0.075
10 0.70078125 0.66484375 0.128125 0.3234375
10 0.53984375 0.61484375 0.0515625 0.2546875
10 0.628125 0.40234375 0.0828125 0.059375
13 0.4828125 0.2984375 0.06875 0.1625
13 0.409375 0.29765625 0.0234375 0.140625
7 0.815625 0.14375 0.0640625 0.15
7 0.7359375 0.14921875 0.0421875 0.140625
2 0.3640625 0.18125 0.0484375 0.10625
9 0.61953125 0.2171875 0.0359375 0.05
9 0.56953125 0.221875 0.0171875 0.0515625