0 0.40859375 0.51171875 0.359375 0.6375
0 0.1046875 0.0828125 0.153125 0.165625
0 0.49296875 0.0546875 0.1578125 0.109375
0 0.2578125 0.028125 0.11875 0.05625
0 0.9046875 0.140625 0.190625 0.228125
0 0.80390625 0.07421875 0.0875 0.1046875
11 0.046875 0.06015625 0.03125 0.1203125
6 0.24453125 0.02734375 0.0609375 0.0546875
6 0.29921875 0.0234375 0.0296875 0.046875
9 0.3921875 0.60625 0.1390625 0.290625
9 0.446875 0.2984375 0.1921875 0.1
11 0.13203125 0.05 0.0390625 0.1
7 0.48984375 0.03203125 0.0765625 0.0640625
7 0.56484375 0.02734375 0.0125 0.046875
13 0.93515625 0.16484375 0.0953125 0.1703125
13 0.8484375 0.12578125 0.0453125 0.1484375
10 0.82421875 0.07734375 0.04375 0.090625
10 0.7765625 0.06796875 0.0234375 0.090625