0 0.23515625 0.21015625 0.25 0.3046875
0 0.74296875 0.52265625 0.2515625 0.3828125
13 0.7421875 0.5375 0.1265625 0.215625
7 0.784375 0.29296875 0.0734375 0.134375
4 0.18671875 0.21640625 0.0703125 0.1875
2 0.29140625 0.22890625 0.0765625 0.184375
0 0.45703125 0.284375 0.1359375 0.1328125
0 0.54921875 0.3265625 0.0875 0.090625
0 0.7921875 0.28203125 0.14375 0.175
9 0.43671875 0.290625 0.046875 0.084375
9 0.496875 0.30546875 0.028125 0.08125
12 0.53828125 0.3390625 0.0265625 0.046875
12 0.5765625 0.34453125 0.0171875 0.0546875