7 0.1515625 0.2296875 0.2765625 0.36875
7 0.30703125 0.16796875 0.1015625 0.0875
7 0.5140625 0.15 0.1703125 0.2203125
7 0.5890625 0.678125 0.43125 0.64375
7 0.63515625 0.23671875 0.1078125 0.08125
7 0.8640625 0.3625 0.228125 0.2984375
5 0.18203125 0.23359375 0.1125 0.23125
5 0.05859375 0.21015625 0.071875 0.228125
6 0.53203125 0.66875 0.19375 0.375
6 0.70625 0.6859375 0.1234375 0.3546875
6 0.63671875 0.41875 0.1984375 0.0828125
7 0.48203125 0.14609375 0.0609375 0.14375
7 0.55234375 0.15859375 0.0515625 0.140625
13 0.32421875 0.1859375 0.0203125 0.046875
9 0.615625 0.24375 0.0328125 0.0453125
9 0.66328125 0.2515625 0.0234375 0.04375
11 0.85234375 0.35 0.075 0.18125
11 0.93984375 0.37734375 0.040625 0.1734375