0 0.36328125 0.34140625 0.1796875 0.2515625
4 0.20625 0.17109375 0.1203125 0.178125
0 0.6171875 0.72421875 0.3390625 0.53125
0 0.44609375 0.26015625 0.1 0.0875
0 0.64296875 0.25078125 0.1515625 0.190625
0 0.93359375 0.4671875 0.1328125 0.296875
0 0.82578125 0.35859375 0.121875 0.153125
10 0.534375 0.69921875 0.0796875 0.24375
10 0.68359375 0.74609375 0.084375 0.271875
10 0.63203125 0.5078125 0.0984375 0.065625
13 0.39140625 0.34765625 0.0609375 0.1609375
13 0.30625 0.334375 0.034375 0.1453125
2 0.21328125 0.178125 0.05625 0.1203125
7 0.60390625 0.24609375 0.040625 0.125
7 0.67109375 0.2578125 0.0453125 0.1296875
5 0.953125 0.4640625 0.09375 0.190625
11 0.8046875 0.33671875 0.021875 0.05
11 0.86015625 0.34765625 0.01875 0.059375
9 0.4640625 0.27421875 0.0265625 0.053125
9 0.15859375 0.17421875 0.0171875 0.10625