0 0.2109375 0.553125 0.3203125 0.4765625
0 0.840625 0.68984375 0.31875 0.6203125
0 0.49296875 0.14296875 0.171875 0.2609375
0 0.91015625 0.1625 0.1796875 0.259375
0 0.63515625 0.10703125 0.115625 0.1546875
12 0.15625 0.59765625 0.0828125 0.196875
12 0.28828125 0.5703125 0.06875 0.2015625
12 0.215625 0.4046875 0.1171875 0.1078125
9 0.9125 0.53125 0.175 0.121875
9 0.871875 0.8546875 0.184375 0.290625
7 0.91953125 0.1375 0.1046875 0.1984375
11 0.4703125 0.15703125 0.040625 0.1375
11 0.54453125 0.146875 0.028125 0.1359375
11 0.5015625 0.03984375 0.06875 0.025
6 0.61875 0.12734375 0.0515625 0.0953125
6 0.6703125 0.12734375 0.028125 0.10625
6 0.64140625 0.0515625 0.0625 0.028125