0 0.296875 0.58359375 0.371875 0.5171875
0 0.42890625 0.12265625 0.1984375 0.2453125
0 0.89609375 0.575 0.2078125 0.65625
0 0.8359375 0.075 0.16875 0.15
0 0.54765625 0.06171875 0.1359375 0.1234375
12 0.26015625 0.640625 0.1046875 0.209375
12 0.38046875 0.58046875 0.0890625 0.2046875
12 0.2546875 0.4375 0.125 0.121875
11 0.40625 0.125 0.0609375 0.14375
11 0.4765625 0.0953125 0.0484375 0.140625
9 0.96640625 0.36953125 0.04375 0.0625
7 0.85234375 0.046875 0.1140625 0.09375
6 0.534375 0.05859375 0.0671875 0.103125
6 0.58359375 0.04921875 0.0453125 0.0984375