0 0.1625 0.37265625 0.2265625 0.290625
0 0.12265625 0.22890625 0.125 0.0640625
0 0.36484375 0.21953125 0.14375 0.1921875
0 0.28359375 0.2703125 0.0515625 0.0234375
0 0.57734375 0.6171875 0.26875 0.41875
0 0.69140625 0.353125 0.15625 0.2296875
0 0.4984375 0.25625 0.0921875 0.0890625
0 0.7546875 0.35234375 0.034375 0.09375
10 0.54921875 0.63203125 0.096875 0.2046875
10 0.65625 0.6171875 0.053125 0.203125
10 0.5671875 0.459375 0.10625 0.0609375
13 0.1171875 0.38046875 0.0671875 0.1640625
13 0.21640625 0.36953125 0.0640625 0.165625
7 0.33828125 0.2203125 0.0546875 0.128125
7 0.40078125 0.22265625 0.0375 0.1171875
5 0.684375 0.353125 0.0796875 0.1421875
11 0.48671875 0.2640625 0.021875 0.0484375
11 0.528125 0.2640625 0.01875 0.0546875