0 0.2828125 0.53203125 0.26796875 0.465625
0 0.52421875 0.11328125 0.14765625 0.22578125
0 0.9171875 0.68203125 0.16484375 0.6359375
0 0.9421875 0.11796875 0.115625 0.2359375
0 0.65625 0.06875 0.10625 0.1375
12 0.23359375 0.578125 0.0578125 0.20078125
12 0.36484375 0.54921875 0.04140625 0.2
12 0.27734375 0.38046875 0.10390625 0.09921875
11 0.5 0.11328125 0.02734375 0.14140625
11 0.575 0.1015625 0.0140625 0.14140625
9 0.98125 0.884375 0.0375 0.23125
9 0.984375 0.4859375 0.03125 0.05703125
7 0.96484375 0.09453125 0.0703125 0.1890625
6 0.63984375 0.0796875 0.04609375 0.0953125
6 0.6921875 0.078125 0.02109375 0.10546875