0 0.065625 0.48984375 0.13046875 0.36640625
0 0.2453125 0.20078125 0.14375 0.20078125
0 0.515625 0.43125 0.2265625 0.43359375
0 0.60625 0.13828125 0.12734375 0.215625
0 0.38125 0.19765625 0.08984375 0.09140625
0 0.95078125 0.2734375 0.0984375 0.228125
0 0.9328125 0.11953125 0.12109375 0.14921875
6 0.0640625 0.48828125 0.0796875 0.21171875
6 0.02578125 0.334375 0.0515625 0.04375
5 0.22421875 0.20859375 0.0484375 0.128125
11 0.50703125 0.4640625 0.05390625 0.2484375
11 0.52421875 0.24375 0.05625 0.0359375
7 0.59765625 0.1328125 0.05703125 0.15234375
9 0.98984375 0.30390625 0.0203125 0.1125
9 0.9296875 0.26640625 0.0234375 0.1359375
5 0.29609375 0.20234375 0.02265625 0.12734375
3 0.9390625 0.1203125 0.046875 0.0953125
2 0.8859375 0.12109375 0.0171875 0.1015625
10 0.37265625 0.21640625 0.02421875 0.05703125