0 0.521875 0.1796875 0.2375 0.359375
0 0.10390625 0.2265625 0.1640625 0.2046875
0 0.70234375 0.7234375 0.5953125 0.553125
0 0.93125 0.3484375 0.1375 0.325
0 0.76953125 0.2625 0.1421875 0.16875
12 0.078125 0.2484375 0.06875 0.1296875
12 0.15234375 0.23984375 0.0421875 0.134375
12 0.0984375 0.14765625 0.0859375 0.034375
7 0.525 0.1796875 0.121875 0.246875
13 0.715625 0.6484375 0.3546875 0.2015625
13 0.46171875 0.88515625 0.0796875 0.2296875
6 0.77890625 0.28984375 0.0625 0.103125
6 0.7765625 0.20625 0.0640625 0.034375
6 0.7234375 0.2453125 0.03125 0.059375
5 0.94453125 0.35078125 0.090625 0.190625