0 0.49765625 0.33515625 0.3234375 0.48828125
0 0.1265625 0.48515625 0.128125 0.12578125
0 0.80859375 0.359375 0.18984375 0.2
0 0.93515625 0.38359375 0.08203125 0.13515625
8 0.1375 0.50234375 0.0390625 0.0453125
8 0.075 0.5109375 0.0140625 0.06328125
8 0.12734375 0.4421875 0.07890625 0.0328125
4 0.41796875 0.3515625 0.06015625 0.30703125
2 0.58359375 0.33828125 0.075 0.3203125
9 0.78203125 0.37265625 0.06328125 0.128125
9 0.88046875 0.378125 0.01953125 0.15078125
12 0.9078125 0.3984375 0.02734375 0.08828125
9 0.81328125 0.26953125 0.05625 0.02109375