0 0.18125 0.4328125 0.2265625 0.284375
0 0.5953125 0.63671875 0.265625 0.415625
0 0.70390625 0.35859375 0.15625 0.2296875
0 0.375 0.259375 0.1421875 0.184375
0 0.14296875 0.29140625 0.11875 0.05625
0 0.30078125 0.31484375 0.046875 0.0203125
0 0.51015625 0.27890625 0.090625 0.0875
0 0.7703125 0.35078125 0.0359375 0.090625
10 0.56484375 0.6546875 0.096875 0.2046875
10 0.671875 0.63046875 0.05 0.2015625
10 0.57734375 0.4796875 0.1015625 0.053125
5 0.69609375 0.35703125 0.078125 0.1421875
13 0.1359375 0.44375 0.0625 0.159375
13 0.23203125 0.4265625 0.0625 0.1671875
7 0.35078125 0.26171875 0.053125 0.121875
7 0.41015625 0.25546875 0.040625 0.115625
11 0.49921875 0.28828125 0.021875 0.0484375
11 0.540625 0.2859375 0.0140625 0.05