0 0.0265625 0.296875 0.053125 0.184375
0 0.23125 0.47578125 0.2046875 0.2765625
0 0.59375 0.78203125 0.290625 0.4359375
0 0.80390625 0.525 0.175 0.25625
0 0.25625 0.3421875 0.1109375 0.053125
0 0.47109375 0.35 0.1375 0.1828125
0 0.6234375 0.4015625 0.0953125 0.0875
0 0.89296875 0.53515625 0.0546875 0.1171875
10 0.54375 0.81484375 0.0890625 0.2328125
10 0.67890625 0.82578125 0.05625 0.25
10 0.5953125 0.61640625 0.10625 0.0640625
13 0.17421875 0.47578125 0.0484375 0.159375
13 0.27109375 0.48125 0.0625 0.1640625
2 0.0109375 0.30234375 0.021875 0.1265625
5 0.78984375 0.5234375 0.0828125 0.159375
11 0.6078125 0.40859375 0.0203125 0.0484375
11 0.65234375 0.4125 0.015625 0.0515625
7 0.43984375 0.3484375 0.040625 0.1203125
7 0.503125 0.35390625 0.0375 0.11875