0 0.04765625 0.47890625 0.0953125 0.3203125
0 0.22890625 0.15390625 0.15 0.2046875
0 0.38984375 0.11796875 0.090625 0.10625
0 0.3640625 0.4578125 0.2625 0.45
0 0.5609375 0.0953125 0.1375 0.190625
0 0.6453125 0.05234375 0.0375 0.1046875
0 0.97265625 0.70703125 0.0546875 0.49375
0 0.9453125 0.19609375 0.109375 0.2578125
0 0.95 0.03984375 0.1 0.0796875
6 0.03125 0.490625 0.0625 0.190625
5 0.20625 0.16796875 0.046875 0.125
5 0.2765625 0.15234375 0.028125 0.128125
11 0.36875 0.2890625 0.078125 0.071875
11 0.3390625 0.515625 0.05 0.221875
11 0.46640625 0.45234375 0.01875 0.2140625
7 0.546875 0.08046875 0.0546875 0.15
7 0.615625 0.0734375 0.0140625 0.146875
10 0.37734375 0.1390625 0.025 0.065625
9 0.9765625 0.21328125 0.046875 0.153125
9 0.90859375 0.1859375 0.01875 0.14375
9 0.975 0.08828125 0.05 0.028125
3 0.96015625 0.0296875 0.046875 0.059375
12 0.98046875 0.68515625 0.0390625 0.2375
10 0.390625 0.075 0.040625 0.0125