0 0.05078125 0.56015625 0.1015625 0.3453125
0 0.4390625 0.51953125 0.2453125 0.45234375
0 0.23046875 0.2453125 0.14609375 0.20234375
0 0.3796875 0.225 0.0890625 0.09765625
0 0.5796875 0.17421875 0.128125 0.22109375
0 0.6453125 0.1703125 0.0109375 0.09296875
0 0.93515625 0.1265625 0.1171875 0.15703125
0 0.946875 0.30234375 0.10546875 0.2390625
11 0.42578125 0.56875 0.0515625 0.23828125
11 0.5453125 0.51171875 0.009375 0.23046875
11 0.45 0.33828125 0.06484375 0.05546875
5 0.20859375 0.25625 0.04609375 0.12734375
5 0.28125 0.246875 0.02578125 0.12265625
6 0.0359375 0.56796875 0.071875 0.2078125
6 0.01015625 0.4109375 0.0203125 0.025
10 0.365625 0.24375 0.02890625 0.0609375
7 0.56953125 0.17421875 0.05625 0.1484375
9 0.98125 0.31640625 0.0375 0.1484375
9 0.91484375 0.2921875 0.02109375 0.13984375
2 0.93828125 0.1328125 0.0484375 0.11015625
3 0.8859375 0.12734375 0.0125 0.10078125