0 0.0625 0.53046875 0.125 0.3703125
0 0.24375 0.2265625 0.14140625 0.20234375
0 0.49453125 0.4734375 0.2328125 0.44453125
0 0.3828125 0.215625 0.08671875 0.09765625
0 0.6 0.15625 0.1265625 0.21953125
0 0.95234375 0.2890625 0.09453125 0.23125
0 0.93671875 0.12421875 0.1203125 0.153125
6 0.05625 0.52890625 0.08203125 0.20625
6 0.02265625 0.37265625 0.0453125 0.04375
11 0.484375 0.51484375 0.05234375 0.240625
11 0.503125 0.28671875 0.059375 0.04375
5 0.22109375 0.23359375 0.046875 0.128125
5 0.29453125 0.2265625 0.0234375 0.12578125
10 0.37265625 0.234375 0.02578125 0.0609375
7 0.59140625 0.15703125 0.05625 0.14921875
9 0.92890625 0.28125 0.02109375 0.14140625
9 0.98828125 0.321875 0.0234375 0.1125
3 0.94140625 0.12734375 0.04453125 0.1015625
2 0.88828125 0.12890625 0.01953125 0.1015625