0 0.4953125 0.2796875 0.18125 0.25625
0 0.39375 0.12890625 0.1109375 0.171875
0 0.66640625 0.68046875 0.403125 0.5765625
0 0.81953125 0.215625 0.1875 0.225
0 0.62578125 0.2265625 0.1 0.0859375
0 0.99296875 0.3125 0.0140625 0.0875
2 0.3953125 0.13515625 0.05625 0.115625
13 0.4359375 0.26953125 0.034375 0.15
13 0.51328125 0.29140625 0.0734375 0.1671875
10 0.5515625 0.63046875 0.0859375 0.2703125
10 0.7078125 0.715625 0.13125 0.3203125
10 0.68359375 0.44375 0.09375 0.071875
7 0.77109375 0.20625 0.0515625 0.1421875
7 0.8453125 0.2203125 0.0671875 0.15