0 0.2046875 0.478125 0.409375 0.565625
0 0.54296875 0.11171875 0.1984375 0.2234375
0 0.84375 0.7203125 0.3125 0.559375
0 0.93359375 0.2234375 0.1328125 0.26875
0 0.675 0.0875 0.1265625 0.1359375
0 0.93046875 0.121875 0.0296875 0.059375
12 0.1421875 0.52734375 0.1203125 0.2234375
12 0.29296875 0.52109375 0.0953125 0.221875
12 0.23828125 0.321875 0.1375 0.1375
11 0.52421875 0.08671875 0.0640625 0.1515625
11 0.60234375 0.09140625 0.0484375 0.1453125
6 0.6640625 0.08359375 0.06875 0.1078125
6 0.71171875 0.0953125 0.040625 0.10625
9 0.9625 0.6 0.0671875 0.071875
9 0.86796875 0.93515625 0.1046875 0.1296875
9 0.809375 0.73046875 0.1171875 0.2796875
7 0.96171875 0.1984375 0.0765625 0.19375