0 0.12265625 0.31171875 0.2078125 0.28203125
0 0.09140625 0.15390625 0.1296875 0.05703125
0 0.34921875 0.18125 0.1265625 0.1828125
0 0.5234375 0.603125 0.21328125 0.39140625
0 0.65859375 0.35625 0.12421875 0.215625
0 0.4765625 0.23671875 0.08359375 0.08203125
0 0.25625 0.2203125 0.05546875 0.0171875
0 0.71484375 0.3640625 0.02265625 0.084375
10 0.49609375 0.61796875 0.0703125 0.1984375
10 0.53515625 0.44921875 0.09921875 0.04921875
10 0.6015625 0.6125 0.025 0.1984375
13 0.1796875 0.31953125 0.046875 0.1703125
13 0.07265625 0.315625 0.0546875 0.16796875
7 0.321875 0.1796875 0.0421875 0.12734375
7 0.38515625 0.18828125 0.028125 0.1203125
5 0.6515625 0.35625 0.06171875 0.13359375
11 0.4640625 0.24375 0.02109375 0.0515625