0 0.02890625 0.59296875 0.05703125 0.3546875
0 0.16484375 0.134375 0.1828125 0.25234375
0 0.54765625 0.60078125 0.296875 0.62734375
0 0.32890625 0.08125 0.10859375 0.1359375
0 0.56484375 0.0921875 0.1421875 0.18359375
0 0.95234375 0.165625 0.0953125 0.26171875
0 0.890625 0.09921875 0.11640625 0.153125
9 0.53046875 0.6890625 0.11328125 0.2828125
9 0.56171875 0.38125 0.18359375 0.0859375
7 0.56171875 0.07109375 0.06875 0.14140625
11 0.14140625 0.15703125 0.03671875 0.146875
11 0.225 0.13125 0.0234375 0.1390625
11 0.1578125 0.028125 0.07578125 0.015625
13 0.9375 0.17734375 0.0390625 0.1484375
10 0.9015625 0.13046875 0.046875 0.09140625
10 0.90703125 0.03828125 0.0390625 0.0234375
6 0.31640625 0.10390625 0.05078125 0.08828125
6 0.3671875 0.09609375 0.02265625 0.09375
6 0.32890625 0.025 0.0578125 0.02109375