0 0.2203125 0.284375 0.221875 0.2984375
0 0.4109375 0.13984375 0.1328125 0.1875
0 0.1375 0.1421875 0.1328125 0.1046875
0 0.65234375 0.56796875 0.2203125 0.3984375
0 0.73515625 0.3046875 0.134375 0.2125
0 0.51640625 0.18359375 0.08125 0.0734375
13 0.18515625 0.2859375 0.06875 0.165625
13 0.28671875 0.28828125 0.046875 0.1734375
7 0.39140625 0.1359375 0.0546875 0.128125
7 0.45234375 0.14453125 0.0328125 0.1203125
5 0.73203125 0.30234375 0.0703125 0.1375
11 0.50546875 0.19296875 0.021875 0.0484375
9 0.10625 0.1515625 0.0375 0.06875