0 0.19375 0.3890625 0.1921875 0.259375
0 0.575 0.6484375 0.21328125 0.3890625
0 0.721875 0.38828125 0.12734375 0.21328125
0 0.409375 0.24453125 0.11953125 0.16953125
0 0.17578125 0.24375 0.11484375 0.040625
0 0.328125 0.2890625 0.0453125 0.01484375
0 0.540625 0.2828125 0.08046875 0.0765625
0 0.78828125 0.38984375 0.02421875 0.08828125
10 0.54296875 0.6625 0.0703125 0.19609375
10 0.65234375 0.653125 0.02265625 0.2
10 0.5796875 0.490625 0.09765625 0.03984375
5 0.7140625 0.3859375 0.06015625 0.13515625
13 0.14765625 0.39375 0.040625 0.1546875
13 0.24453125 0.38984375 0.040625 0.1625
7 0.38515625 0.24296875 0.0375 0.11796875
7 0.4453125 0.2453125 0.025 0.1125
11 0.52890625 0.290625 0.01484375 0.04609375
11 0.5703125 0.29375 0.0078125 0.05