0 0.10625 0.259375 0.209375 0.4046875
0 0.24921875 0.06796875 0.1484375 0.1359375
0 0.35546875 0.0640625 0.0890625 0.0921875
0 0.725 0.18984375 0.28125 0.36875
0 0.60234375 0.0359375 0.025 0.0640625
0 0.57890625 0.02578125 0.028125 0.046875
0 0.94609375 0.128125 0.1078125 0.20625
0 0.90078125 0.0546875 0.0828125 0.0734375
6 0.0390625 0.26953125 0.0671875 0.2546875
6 0.1515625 0.2609375 0.0734375 0.2421875
6 0.07734375 0.0796875 0.1140625 0.0359375
5 0.2359375 0.05078125 0.0625 0.1015625
5 0.309375 0.04921875 0.01875 0.0984375
10 0.3484375 0.078125 0.025 0.0546875
10 0.390625 0.0828125 0.009375 0.0515625
11 0.73515625 0.17578125 0.078125 0.28125
11 0.6140625 0.1265625 0.0265625 0.2390625
9 0.93515625 0.11875 0.03125 0.1328125
9 0.9921875 0.13359375 0.015625 0.1390625
3 0.90078125 0.0453125 0.0375 0.0515625