0 0.28046875 0.509375 0.315625 0.490625
0 0.56484375 0.11875 0.1703125 0.2375
0 0.890625 0.7 0.21875 0.6
0 0.9546875 0.165625 0.090625 0.246875
0 0.70078125 0.0875 0.1203125 0.1484375
12 0.2265625 0.55 0.078125 0.20625
12 0.36015625 0.53515625 0.0625 0.203125
12 0.29140625 0.3578125 0.1140625 0.109375
11 0.540625 0.115625 0.0421875 0.14375
11 0.61640625 0.11171875 0.028125 0.1421875
9 0.93828125 0.9078125 0.0609375 0.184375
9 0.98203125 0.5359375 0.0359375 0.059375
7 0.9796875 0.14453125 0.040625 0.1953125
6 0.6828125 0.096875 0.05625 0.1
6 0.73515625 0.10078125 0.03125 0.1078125