0 0.23828125 0.55390625 0.3046875 0.52890625
0 0.4734375 0.0953125 0.153125 0.190625
0 0.93359375 0.1 0.1328125 0.2
0 0.871875 0.0140625 0.03671875 0.028125
0 0.59609375 0.04140625 0.0984375 0.0828125
0 0.95234375 0.6796875 0.0953125 0.640625
12 0.19609375 0.61875 0.071875 0.21953125
12 0.23984375 0.3875 0.11484375 0.121875
12 0.34296875 0.575 0.04140625 0.22109375
11 0.45 0.07109375 0.03125 0.1421875
6 0.58046875 0.0375 0.04921875 0.075
7 0.95703125 0.07578125 0.0859375 0.1515625
9 0.953125 0.67265625 0.07421875 0.2921875
6 0.63125 0.03984375 0.0171875 0.0796875