0 0.2046875 0.303125 0.3078125 0.409375
0 0.37109375 0.1 0.1453125 0.2
0 0.46171875 0.1375 0.065625 0.0859375
0 0.86796875 0.2328125 0.2640625 0.421875
0 0.746875 0.07890625 0.0921875 0.1234375
0 0.6859375 0.08828125 0.0515625 0.065625
6 0.16953125 0.303125 0.14375 0.2671875
6 0.30703125 0.30703125 0.0640625 0.2421875
6 0.2265625 0.12421875 0.140625 0.0390625
5 0.3625 0.08828125 0.06875 0.1484375
5 0.42890625 0.09765625 0.021875 0.1359375
10 0.44609375 0.146875 0.0265625 0.053125
11 0.940625 0.23125 0.103125 0.303125
11 0.7921875 0.18125 0.05 0.25625
7 0.7703125 0.0625 0.04375 0.084375
7 0.71640625 0.0578125 0.01875 0.08125