0 0.43515625 0.34765625 0.4671875 0.6296875
0 0.0765625 0.41875 0.153125 0.159375
0 0.79921875 0.4265625 0.240625 0.259375
0 0.93046875 0.46796875 0.1171875 0.1625
4 0.33046875 0.3421875 0.128125 0.3625
2 0.528125 0.36640625 0.159375 0.3859375
8 0.07890625 0.44375 0.053125 0.0640625
8 0.0828125 0.3765625 0.0921875 0.05
9 0.76640625 0.43671875 0.096875 0.1625
9 0.86953125 0.46328125 0.05625 0.178125
9 0.82109375 0.3296875 0.0703125 0.034375
12 0.90078125 0.4765625 0.0484375 0.103125
12 0.95703125 0.49453125 0.03125 0.10625