0 0.059375 0.24765625 0.11875 0.184375
0 0.27890625 0.434375 0.1828125 0.2625
0 0.31796875 0.3125 0.103125 0.0453125
0 0.5265625 0.328125 0.1296875 0.178125
0 0.6171875 0.7765625 0.28125 0.446875
0 0.8609375 0.52578125 0.175 0.2609375
0 0.68046875 0.38984375 0.0953125 0.0859375
0 0.959375 0.5421875 0.05625 0.121875
10 0.55859375 0.7953125 0.0765625 0.23125
10 0.70078125 0.81953125 0.0484375 0.253125
10 0.62578125 0.6 0.1046875 0.065625
13 0.22578125 0.43359375 0.0390625 0.15625
13 0.31875 0.44453125 0.053125 0.159375
2 0.06640625 0.25625 0.05625 0.128125
7 0.49609375 0.3234375 0.0375 0.1203125
7 0.5578125 0.33359375 0.03125 0.11875
5 0.8453125 0.521875 0.078125 0.165625
11 0.6640625 0.3953125 0.0203125 0.046875
11 0.71171875 0.4046875 0.0140625 0.05625