0 0.03203125 0.56015625 0.0640625 0.3578125
0 0.190625 0.121875 0.2 0.24375
0 0.540625 0.60390625 0.340625 0.646875
0 0.35859375 0.07109375 0.1171875 0.1421875
0 0.59296875 0.09765625 0.1546875 0.19375
0 0.95859375 0.19765625 0.0828125 0.2671875
0 0.91796875 0.12734375 0.1265625 0.1609375
9 0.5171875 0.690625 0.1328125 0.290625
9 0.56953125 0.3859375 0.1890625 0.0984375
7 0.59140625 0.0765625 0.078125 0.1453125
11 0.16640625 0.1328125 0.046875 0.1484375
11 0.2515625 0.11328125 0.0328125 0.140625
11 0.19140625 0.0078125 0.0765625 0.015625
13 0.95859375 0.20859375 0.05 0.1515625
10 0.9265625 0.159375 0.053125 0.09375
10 0.93828125 0.06796875 0.040625 0.0265625
6 0.34453125 0.0921875 0.05625 0.0921875
6 0.3953125 0.0875 0.0296875 0.0953125
6 0.3625 0.0140625 0.059375 0.025