0 0.28515625 0.546875 0.2625 0.45625
0 0.91328125 0.6890625 0.1734375 0.621875
0 0.5265625 0.125 0.14765625 0.25
0 0.94140625 0.1265625 0.1171875 0.253125
0 0.659375 0.08125 0.1078125 0.15234375
12 0.23671875 0.59296875 0.0546875 0.196875
12 0.36328125 0.56640625 0.04296875 0.1984375
12 0.28125 0.40078125 0.1015625 0.09765625
11 0.5015625 0.13671875 0.02578125 0.1390625
11 0.5765625 0.1234375 0.01328125 0.1390625
11 0.52578125 0.01484375 0.0671875 0.02265625
6 0.64453125 0.1015625 0.04453125 0.096875
6 0.69609375 0.0984375 0.02265625 0.1046875
6 0.6609375 0.02265625 0.06328125 0.0265625
7 0.965625 0.103125 0.06875 0.20546875
9 0.97421875 0.8890625 0.0515625 0.221875
9 0.97734375 0.49765625 0.0453125 0.0609375