0 0.23515625 0.53515625 0.340625 0.5484375
0 0.5015625 0.09765625 0.165625 0.1953125
0 0.94296875 0.13125 0.1140625 0.209375
0 0.9046875 0.04140625 0.0390625 0.03125
0 0.628125 0.04921875 0.1046875 0.0890625
0 0.934375 0.69375 0.13125 0.6125
12 0.18828125 0.596875 0.0875 0.2234375
12 0.2484375 0.36953125 0.1234375 0.1296875
12 0.33828125 0.5640625 0.05625 0.2234375
11 0.4796875 0.0703125 0.040625 0.140625
6 0.6125 0.04453125 0.0546875 0.078125
7 0.96796875 0.10859375 0.0640625 0.1578125
9 0.93984375 0.70390625 0.09375 0.296875
6 0.66328125 0.05 0.0234375 0.08125