0 0.04609375 0.44765625 0.0921875 0.1890625
0 0.3875 0.25390625 0.228125 0.296875
0 0.93984375 0.52265625 0.1203125 0.4015625
0 0.95390625 0.271875 0.0921875 0.221875
0 0.59921875 0.30078125 0.13125 0.1203125
0 0.69140625 0.3390625 0.0765625 0.075
8 0.04140625 0.4578125 0.0359375 0.115625
8 0.04375 0.3703125 0.0703125 0.0296875
4 0.34375 0.265625 0.0625 0.19375
2 0.44921875 0.2640625 0.0609375 0.1921875
9 0.57734375 0.31640625 0.0453125 0.078125
9 0.6421875 0.32109375 0.0234375 0.0828125
7 0.975 0.2640625 0.05 0.140625
12 0.6765625 0.3484375 0.0265625 0.0421875