0 0.040625 0.24296875 0.08125 0.2453125
0 0.246875 0.28515625 0.1296875 0.115625
0 0.43828125 0.421875 0.203125 0.3109375
0 0.92578125 0.65625 0.1484375 0.4125
0 0.9109375 0.3625 0.16875 0.2296875
0 0.82109375 0.3515625 0.0515625 0.0921875
0 0.5328125 0.24140625 0.128125 0.190625
0 0.6109375 0.26484375 0.0546875 0.08125
13 0.41875 0.434375 0.078125 0.178125
13 0.50859375 0.41875 0.0359375 0.184375
2 0.02578125 0.253125 0.0515625 0.165625
9 0.22109375 0.29375 0.0375 0.06875
9 0.284375 0.296875 0.028125 0.0765625
7 0.51796875 0.2421875 0.05625 0.13125
7 0.5765625 0.2375 0.025 0.1234375
5 0.915625 0.3625 0.0796875 0.14375
10 0.9734375 0.70078125 0.053125 0.2015625
6 0.83046875 0.36640625 0.028125 0.0625
11 0.59453125 0.27578125 0.01875 0.0484375