0 0.5828125 0.246875 0.259375 0.43125
0 0.06953125 0.321875 0.1390625 0.384375
0 0.228125 0.0890625 0.1625 0.178125
0 0.35546875 0.0984375 0.096875 0.09375
0 0.61640625 0.03046875 0.11875 0.0546875
0 0.9390625 0.18359375 0.121875 0.2265625
0 0.90078125 0.07578125 0.115625 0.10625
6 0.059375 0.315625 0.09375 0.234375
5 0.209375 0.071875 0.0625 0.14375
5 0.28671875 0.07578125 0.028125 0.1328125
11 0.57734375 0.26484375 0.0765625 0.271875
9 0.97890625 0.1875 0.0421875 0.146875
9 0.915625 0.1703125 0.034375 0.134375
10 0.34921875 0.1125 0.028125 0.059375
7 0.61484375 0.02890625 0.0390625 0.046875
2 0.86171875 0.0640625 0.021875 0.08125
3 0.9125 0.06796875 0.04375 0.0828125