0 0.28125 0.56015625 0.2625 0.45078125
0 0.51953125 0.13203125 0.14453125 0.25390625
0 0.65546875 0.0875 0.10546875 0.15078125
0 0.90625 0.68671875 0.1875 0.6265625
0 0.9375 0.12421875 0.125 0.2484375
12 0.23359375 0.6046875 0.05625 0.19296875
12 0.3578125 0.57578125 0.04296875 0.19609375
12 0.27421875 0.4125 0.1015625 0.0953125
11 0.4953125 0.14921875 0.02578125 0.1375
11 0.5703125 0.13515625 0.0140625 0.1375
11 0.51875 0.0265625 0.0671875 0.01875
9 0.96328125 0.884375 0.0703125 0.23125
6 0.63984375 0.1078125 0.04609375 0.09375
6 0.6921875 0.1046875 0.02109375 0.10546875
6 0.659375 0.0296875 0.059375 0.025
9 0.96640625 0.49296875 0.0671875 0.059375
7 0.96015625 0.1015625 0.0796875 0.20234375