0 0.20546875 0.5515625 0.30234375 0.5078125
0 0.44609375 0.10546875 0.1515625 0.2109375
0 0.90859375 0.6796875 0.18203125 0.63984375
0 0.90546875 0.11484375 0.1890625 0.2296875
0 0.5703125 0.05703125 0.1015625 0.1140625
0 0.8265625 0.02890625 0.015625 0.0578125
12 0.159375 0.61328125 0.0703125 0.21328125
12 0.30390625 0.5703125 0.04375 0.2171875
12 0.203125 0.390625 0.1140625 0.1125
11 0.4234375 0.09296875 0.0296875 0.1484375
11 0.50078125 0.07890625 0.0140625 0.146875
6 0.55859375 0.05625 0.046875 0.09921875
6 0.6078125 0.05625 0.01640625 0.1046875
9 0.97265625 0.48515625 0.0546875 0.0609375
9 0.975 0.88515625 0.05 0.2296875
9 0.85625 0.6484375 0.05234375 0.275
7 0.90390625 0.08828125 0.09453125 0.17578125