0 0.1578125 0.28671875 0.3125 0.40625
0 0.33125 0.0859375 0.14375 0.171875
0 0.428125 0.10234375 0.0734375 0.084375
0 0.84375 0.2 0.3125 0.375
0 0.69765625 0.05 0.0640625 0.078125
0 0.6515625 0.04140625 0.04375 0.0671875
0 0.99375 0.13203125 0.0125 0.1953125
6 0.121875 0.29375 0.1421875 0.259375
6 0.2609375 0.2890625 0.06875 0.2421875
6 0.175 0.11015625 0.1390625 0.0359375
5 0.32265625 0.06796875 0.0671875 0.1359375
5 0.3890625 0.06796875 0.0203125 0.1359375
10 0.41640625 0.1140625 0.0265625 0.053125
11 0.875 0.17890625 0.090625 0.296875
11 0.73359375 0.13984375 0.040625 0.25