0 0.1765625 0.4609375 0.2453125 0.2953125
0 0.60625 0.628125 0.2953125 0.4265625
0 0.69140625 0.34140625 0.171875 0.2359375
0 0.35390625 0.27109375 0.1546875 0.1921875
0 0.1265625 0.3234375 0.1203125 0.065625
0 0.28515625 0.3328125 0.046875 0.025
0 0.490625 0.27890625 0.0953125 0.0921875
0 0.75625 0.328125 0.04375 0.0921875
10 0.578125 0.6484375 0.1125 0.20625
10 0.6828125 0.61484375 0.0671875 0.2
10 0.57578125 0.47265625 0.1046875 0.0609375
5 0.6828125 0.340625 0.0890625 0.1453125
13 0.1328125 0.47578125 0.075 0.159375
13 0.2265625 0.45 0.0765625 0.1671875
7 0.33046875 0.27578125 0.0625 0.1234375
7 0.3890625 0.2640625 0.05 0.115625
11 0.48125 0.28984375 0.025 0.0484375
11 0.521875 0.28359375 0.01875 0.05