0 0.34765625 0.30390625 0.2359375 0.3140625
0 0.2515625 0.14296875 0.140625 0.121875
0 0.525 0.1734375 0.15 0.203125
0 0.77265625 0.65703125 0.2890625 0.4375
0 0.84296875 0.38515625 0.171875 0.2359375
0 0.609375 0.22578125 0.0875 0.0875
0 0.77890625 0.36015625 0.03125 0.0859375
13 0.3140625 0.303125 0.0859375 0.1765625
13 0.41015625 0.31640625 0.059375 0.178125
9 0.22421875 0.14609375 0.04375 0.0671875
9 0.29296875 0.1421875 0.0203125 0.0265625
7 0.5078125 0.16796875 0.0640625 0.134375
7 0.56484375 0.184375 0.0390625 0.1234375
11 0.596875 0.2359375 0.0265625 0.053125
5 0.83984375 0.38515625 0.0921875 0.146875
10 0.75859375 0.675 0.13125 0.221875
10 0.80390625 0.496875 0.134375 0.0671875