0 0.39921875 0.5234375 0.38125 0.646875
0 0.04296875 0.15078125 0.0859375 0.2046875
0 0.1515625 0.07265625 0.121875 0.08125
0 0.38984375 0.05859375 0.1609375 0.1140625
0 0.82890625 0.08515625 0.2328125 0.1703125
0 0.69609375 0.0328125 0.0890625 0.065625
11 0.03203125 0.115625 0.040625 0.125
9 0.40390625 0.621875 0.15 0.296875
9 0.39296875 0.3078125 0.196875 0.109375
7 0.38203125 0.03828125 0.0765625 0.0625
13 0.8421875 0.0796875 0.1 0.159375
13 0.75078125 0.0640625 0.0484375 0.128125
10 0.715625 0.03046875 0.046875 0.0609375
10 0.66953125 0.02890625 0.0234375 0.0578125
6 0.1375 0.07421875 0.0609375 0.0734375
6 0.19296875 0.0625 0.028125 0.0578125