0 0.41015625 0.51953125 0.30703125 0.6125
0 0.06796875 0.0984375 0.1359375 0.19609375
0 0.45390625 0.053125 0.14921875 0.10546875
0 0.2171875 0.0375 0.11328125 0.075
0 0.890625 0.10546875 0.209375 0.2109375
0 0.765625 0.04921875 0.0796875 0.09765625
11 0.009375 0.08828125 0.01875 0.1453125
6 0.203125 0.03828125 0.0546875 0.0765625
6 0.2578125 0.0328125 0.0234375 0.065625
9 0.4015625 0.615625 0.11484375 0.28203125
9 0.4296875 0.30390625 0.1859375 0.084375
11 0.09375 0.06640625 0.028125 0.1328125
7 0.45 0.03203125 0.071875 0.06328125
7 0.5234375 0.0234375 0.0078125 0.04609375
13 0.90390625 0.128125 0.08125 0.1640625
13 0.81484375 0.096875 0.0328125 0.146875
10 0.7859375 0.05078125 0.03671875 0.08828125
10 0.7375 0.0453125 0.015625 0.08984375