0 0.39609375 0.4984375 0.38125 0.646875
0 0.1125 0.0734375 0.14375 0.146875
0 0.265625 0.02109375 0.121875 0.0421875
0 0.49921875 0.05078125 0.1609375 0.1015625
0 0.90546875 0.15078125 0.1890625 0.2265625
0 0.8078125 0.07890625 0.0890625 0.096875
11 0.1375 0.03828125 0.040625 0.0765625
9 0.37734375 0.5953125 0.15 0.296875
9 0.44296875 0.2875 0.196875 0.109375
7 0.49609375 0.02734375 0.0765625 0.0546875
13 0.9359375 0.1703125 0.1 0.171875
13 0.85078125 0.128125 0.0484375 0.1484375
10 0.82734375 0.08125 0.046875 0.0921875
10 0.78125 0.071875 0.0234375 0.0828125
6 0.25078125 0.01796875 0.0609375 0.0359375
6 0.3078125 0.01484375 0.028125 0.0296875