0 0.19453125 0.46796875 0.18828125 0.259375
0 0.56328125 0.74921875 0.2265625 0.41171875
0 0.4203125 0.33125 0.12109375 0.16796875
0 0.1921875 0.3234375 0.1140625 0.04609375
0 0.55390625 0.37109375 0.08359375 0.07578125
0 0.728125 0.4828125 0.1328125 0.21953125
0 0.80078125 0.48515625 0.03203125 0.10078125
13 0.14609375 0.4703125 0.03984375 0.16015625
13 0.24296875 0.46796875 0.04609375 0.16015625
10 0.528125 0.76171875 0.07265625 0.21171875
10 0.64296875 0.75625 0.02890625 0.21328125
10 0.57109375 0.58359375 0.09765625 0.04765625
5 0.71953125 0.48203125 0.0625 0.14140625
7 0.39296875 0.32734375 0.0390625 0.11796875
7 0.45390625 0.3328125 0.028125 0.1125
11 0.54140625 0.37890625 0.015625 0.04609375
11 0.5828125 0.38203125 0.00859375 0.053125
0 0.34140625 0.37265625 0.03828125 0.01953125