0 0.3703125 0.3359375 0.225 0.309375
0 0.06640625 0.1015625 0.0609375 0.203125
0 0.25859375 0.178125 0.134375 0.115625
0 0.53359375 0.19296875 0.140625 0.19375
0 0.61796875 0.2375 0.0765625 0.0828125
0 0.825 0.66640625 0.28125 0.4359375
0 0.86796875 0.3828125 0.16875 0.2328125
0 0.79921875 0.36171875 0.034375 0.0859375
13 0.340625 0.33984375 0.08125 0.1765625
13 0.43515625 0.34453125 0.05 0.1703125
9 0.23125 0.1828125 0.0390625 0.0703125
9 0.29375 0.2 0.0328125 0.071875
7 0.5171875 0.1890625 0.059375 0.125
7 0.57578125 0.19765625 0.0328125 0.11875
5 0.8671875 0.38359375 0.0859375 0.1484375
10 0.81484375 0.68671875 0.1203125 0.2171875
10 0.8515625 0.50546875 0.13125 0.0625
11 0.60546875 0.24609375 0.0234375 0.0484375