0 0.19453125 0.2453125 0.1375 0.1828125
0 0.3703125 0.35625 0.2109375 0.2734375
0 0.71015625 0.6609375 0.4375 0.5859375
0 0.6234375 0.190625 0.1875 0.21875
0 0.94296875 0.3125 0.1140625 0.2796875
0 0.44296875 0.25859375 0.1078125 0.09375
0 0.85625 0.24140625 0.159375 0.18125
2 0.20078125 0.25234375 0.06875 0.1171875
13 0.31484375 0.36953125 0.05625 0.1421875
13 0.396875 0.3609375 0.0921875 0.1703125
10 0.60546875 0.65859375 0.1203125 0.25625
10 0.77421875 0.671875 0.1453125 0.2984375
10 0.65234375 0.44453125 0.1046875 0.0828125
7 0.58203125 0.1984375 0.0640625 0.134375
7 0.65078125 0.1875 0.0703125 0.1390625
9 0.46171875 0.26796875 0.040625 0.05625
11 0.825 0.22734375 0.034375 0.0625
11 0.8890625 0.21875 0.034375 0.071875