0 0.26484375 0.17890625 0.1 0.1640625
0 0.409375 0.32890625 0.15625 0.2421875
0 0.66484375 0.70703125 0.31875 0.525
0 0.69453125 0.2296875 0.146875 0.1890625
0 0.975 0.425 0.05 0.275
0 0.503125 0.25234375 0.09375 0.075
0 0.90859375 0.33515625 0.125 0.1546875
2 0.26953125 0.1875 0.04375 0.109375
13 0.3515625 0.32890625 0.021875 0.140625
13 0.43359375 0.33984375 0.0546875 0.1625
10 0.5640625 0.6796875 0.0625 0.2484375
10 0.72421875 0.7328125 0.078125 0.2875
10 0.6609375 0.4828125 0.090625 0.0625
7 0.65234375 0.22734375 0.034375 0.1296875
7 0.721875 0.23359375 0.040625 0.134375
9 0.51875 0.265625 0.0296875 0.05
11 0.88125 0.3140625 0.021875 0.059375
11 0.9453125 0.32109375 0.01875 0.0703125