0 0.48046875 0.3609375 0.3359375 0.5078125
0 0.1140625 0.5015625 0.13046875 0.1375
0 0.80546875 0.3765625 0.190625 0.2078125
0 0.9328125 0.39921875 0.08359375 0.1375
4 0.39453125 0.37265625 0.0671875 0.3171875
8 0.12421875 0.52109375 0.0390625 0.05
8 0.11484375 0.45859375 0.08515625 0.0328125
2 0.57109375 0.3625 0.084375 0.33359375
9 0.77734375 0.39140625 0.06484375 0.13203125
9 0.878125 0.4046875 0.02265625 0.153125
12 0.9046875 0.41328125 0.03046875 0.08828125
12 0.9625 0.41875 0.01015625 0.1015625
8 0.06171875 0.5328125 0.01484375 0.07109375