0 0.31953125 0.4109375 0.34375 0.4625
0 0.12890625 0.33359375 0.1171875 0.2015625
0 0.45234375 0.18046875 0.1640625 0.225
0 0.27421875 0.18125 0.1 0.078125
0 0.88359375 0.24296875 0.19375 0.259375
5 0.290625 0.41796875 0.1578125 0.3015625
5 0.43125 0.3828125 0.0734375 0.2625
13 0.13359375 0.3359375 0.0609375 0.1328125
7 0.4421875 0.178125 0.0765625 0.159375
7 0.50546875 0.16875 0.0375 0.1421875
2 0.26015625 0.19375 0.0375 0.0453125
3 0.30859375 0.1875 0.0203125 0.0421875
11 0.9140625 0.23828125 0.0703125 0.1625
6 0.978125 0.55 0.04375 0.296875
11 0.82578125 0.2484375 0.0453125 0.1453125
0 0.7734375 0.27421875 0.1046875 0.103125
12 0.78203125 0.2828125 0.040625 0.071875