0 0.4921875 0.665625 0.46875 0.66875
0 0.159375 0.2125 0.2671875 0.3453125
0 0.56640625 0.1546875 0.1734375 0.2265625
0 0.37265625 0.17578125 0.1171875 0.0859375
0 0.8890625 0.3765625 0.221875 0.340625
0 0.71796875 0.2484375 0.1140625 0.0859375
0 0.04296875 0.22421875 0.034375 0.1140625
6 0.3875 0.6546875 0.1578125 0.403125
6 0.5859375 0.69296875 0.1734375 0.403125
11 0.88984375 0.359375 0.0796875 0.2046875
11 0.9875 0.39375 0.025 0.20625
5 0.18828125 0.21875 0.1125 0.21875
5 0.07734375 0.1953125 0.0578125 0.2125
7 0.5265625 0.14921875 0.053125 0.140625
7 0.5984375 0.1625 0.05625 0.14375
9 0.69375 0.253125 0.034375 0.0515625
9 0.74765625 0.26640625 0.0265625 0.05
13 0.39921875 0.1953125 0.01875 0.0453125
13 0.3421875 0.18359375 0.0140625 0.04375