0 0.31953125 0.27109375 0.2484375 0.3203125
0 0.240625 0.11015625 0.1421875 0.1171875
0 0.51328125 0.15234375 0.153125 0.2015625
0 0.725 0.628125 0.2890625 0.428125
0 0.8171875 0.37109375 0.1703125 0.2359375
0 0.5984375 0.21015625 0.09375 0.090625
13 0.28671875 0.27265625 0.090625 0.18125
13 0.3859375 0.28515625 0.0703125 0.175
9 0.209375 0.11484375 0.0453125 0.071875
7 0.49453125 0.14609375 0.06875 0.13125
7 0.553125 0.16328125 0.0453125 0.1203125
5 0.81640625 0.36796875 0.090625 0.146875
11 0.58828125 0.21796875 0.028125 0.0515625
10 0.709375 0.64453125 0.13125 0.2203125
10 0.7609375 0.4734375 0.13125 0.0703125