0 0.27578125 0.31328125 0.19375 0.2859375
0 0.165625 0.17265625 0.12578125 0.09375
0 0.440625 0.15703125 0.11796875 0.18125
0 0.746875 0.57890625 0.2125 0.39296875
0 0.78359375 0.3078125 0.128125 0.21328125
0 0.5359375 0.19609375 0.0796875 0.07578125
13 0.24375 0.321875 0.05546875 0.1734375
13 0.34375 0.31328125 0.03515625 0.171875
9 0.1359375 0.18359375 0.0328125 0.0671875
7 0.42109375 0.1546875 0.04453125 0.12421875
7 0.48203125 0.159375 0.021875 0.11796875
5 0.78203125 0.3046875 0.0640625 0.1359375
11 0.52734375 0.20546875 0.01796875 0.04921875
10 0.73515625 0.59765625 0.08984375 0.20625
10 0.75 0.41953125 0.12421875 0.0453125