0 0.08515625 0.6125 0.1703125 0.37265625
0 0.5640625 0.37421875 0.1625 0.33828125
0 0.93125 0.434375 0.1375 0.3125
0 0.78359375 0.83671875 0.42421875 0.32578125
12 0.05078125 0.6875 0.07421875 0.14140625
12 0.053125 0.5109375 0.10546875 0.0671875
12 0.14140625 0.5953125 0.0390625 0.15625
11 0.571875 0.43046875 0.0421875 0.14921875
11 0.5578125 0.26171875 0.04375 0.0796875
7 0.7828125 0.890625 0.28125 0.21875
6 0.90859375 0.43671875 0.06171875 0.16640625
6 0.9671875 0.3375 0.065625 0.084375
6 0.9796875 0.49140625 0.03984375 0.13359375