0 0.06796875 0.4734375 0.13515625 0.36796875
0 0.2453125 0.2 0.1390625 0.1984375
0 0.53046875 0.40390625 0.2234375 0.42421875
0 0.3765625 0.203125 0.08671875 0.08828125
0 0.60625 0.13125 0.1234375 0.21171875
0 0.925 0.12265625 0.11796875 0.15234375
0 0.94921875 0.26875 0.1015625 0.2203125
6 0.06953125 0.47421875 0.078125 0.21328125
6 0.02890625 0.3203125 0.0578125 0.04609375
11 0.525 0.434375 0.0546875 0.25
11 0.540625 0.2171875 0.0546875 0.03203125
7 0.6 0.12734375 0.0578125 0.14921875
10 0.3671875 0.21875 0.025 0.05703125
5 0.22421875 0.2046875 0.0484375 0.13125
5 0.296875 0.2 0.021875 0.12421875
9 0.9265625 0.25703125 0.02265625 0.1359375
9 0.9890625 0.29609375 0.021875 0.1109375
2 0.93046875 0.12421875 0.04453125 0.09296875
3 0.878125 0.1265625 0.0171875 0.09921875