0 0.38046875 0.4828125 0.4328125 0.6671875
0 0.1390625 0.0578125 0.140625 0.115625
0 0.28984375 0.0078125 0.1234375 0.015625
0 0.5203125 0.046875 0.165625 0.09375
0 0.9125 0.16796875 0.175 0.2171875
0 0.83046875 0.08984375 0.0859375 0.08125
9 0.3546875 0.5828125 0.1671875 0.303125
9 0.44375 0.271875 0.20625 0.121875
11 0.15625 0.021875 0.05 0.04375
7 0.51953125 0.01953125 0.0765625 0.0390625
13 0.94921875 0.178125 0.1015625 0.178125
13 0.871875 0.13515625 0.05625 0.1453125
10 0.85 0.09296875 0.0453125 0.071875
10 0.80546875 0.08046875 0.021875 0.0609375