0 0.10625 0.43203125 0.2125 0.4421875
0 0.371875 0.30859375 0.1484375 0.2046875
0 0.57109375 0.35546875 0.2546875 0.3359375
0 0.034375 0.2296875 0.06875 0.053125
0 0.91484375 0.74453125 0.1703125 0.3296875
0 0.29140625 0.90546875 0.4015625 0.1890625
7 0.07421875 0.4640625 0.1484375 0.253125
7 0.0359375 0.2734375 0.071875 0.075
5 0.52109375 0.38203125 0.08125 0.1640625
5 0.6078125 0.3703125 0.0953125 0.1625
5 0.55390625 0.24296875 0.0859375 0.071875
6 0.38984375 0.32421875 0.075 0.1140625
6 0.35390625 0.23671875 0.0625 0.046875
6 0.3328125 0.3234375 0.046875 0.109375
10 0.9875 0.73046875 0.025 0.1203125