0 0.10859375 0.6296875 0.2171875 0.490625
0 0.24453125 0.15234375 0.1921875 0.265625
0 0.3875 0.09296875 0.115625 0.1546875
0 0.7109375 0.6171875 0.4015625 0.7
0 0.64375 0.09921875 0.184375 0.1984375
0 0.93125 0.08828125 0.0625 0.1640625
12 0.11953125 0.6359375 0.0875 0.21875
12 0.02890625 0.4671875 0.0578125 0.08125
9 0.69765625 0.70546875 0.159375 0.303125
9 0.69453125 0.3953125 0.20625 0.11875
11 0.225 0.17421875 0.04375 0.1421875
11 0.29921875 0.14609375 0.0328125 0.1390625
11 0.22890625 0.05 0.0703125 0.025
7 0.63046875 0.0734375 0.0921875 0.146875
6 0.378125 0.1140625 0.0515625 0.0921875
6 0.42578125 0.10625 0.03125 0.1
6 0.38125 0.03828125 0.059375 0.0265625
10 0.93203125 0.1015625 0.034375 0.1078125