0 0.13359375 0.27578125 0.240625 0.309375
0 0.61015625 0.52421875 0.39375 0.5515625
0 0.57265625 0.26953125 0.1859375 0.2671875
0 0.86640625 0.46640625 0.21875 0.2671875
7 0.5859375 0.5921875 0.178125 0.271875
7 0.65 0.3421875 0.178125 0.115625
11 0.59765625 0.1734375 0.0390625 0.046875
12 0.11875 0.3078125 0.09375 0.1546875
12 0.1578125 0.178125 0.1015625 0.05625
12 0.2 0.2875 0.0640625 0.1421875
6 0.87578125 0.50234375 0.0984375 0.1328125
6 0.815625 0.44296875 0.071875 0.134375
6 0.89609375 0.38515625 0.09375 0.075