0 0.665625 0.6703125 0.384375 0.56875
0 0.4953125 0.28125 0.1734375 0.25
0 0.39453125 0.1375 0.103125 0.1640625
0 0.82265625 0.20625 0.1828125 0.2234375
7 0.8484375 0.2078125 0.0609375 0.1484375
7 0.77109375 0.196875 0.04375 0.1375
10 0.703125 0.7015625 0.1234375 0.321875
10 0.54375 0.6234375 0.065625 0.2640625
10 0.67109375 0.43046875 0.0890625 0.0609375
13 0.50859375 0.290625 0.06875 0.1640625
13 0.43359375 0.27421875 0.028125 0.1453125
2 0.39609375 0.14609375 0.05 0.1125
9 0.6375 0.23671875 0.0328125 0.0484375
9 0.5890625 0.23125 0.0171875 0.053125