0 0.3390625 0.4921875 0.2796875 0.50234375
0 0.33046875 0.153125 0.13125 0.2
0 0.61484375 0.1421875 0.0984375 0.0671875
0 0.7453125 0.1 0.1640625 0.2
0 0.94296875 0.2796875 0.1140625 0.40078125
0 0.8671875 0.125 0.11328125 0.13359375
6 0.34296875 0.5078125 0.16171875 0.31484375
6 0.34609375 0.26484375 0.1484375 0.0359375
5 0.3296875 0.17421875 0.06796875 0.1546875
7 0.76015625 0.08515625 0.05546875 0.1546875
7 0.6859375 0.0859375 0.0234375 0.1453125
11 0.97265625 0.26015625 0.0546875 0.2609375
3 0.884375 0.128125 0.03359375 0.09296875
2 0.83125 0.1296875 0.02109375 0.084375
13 0.63125 0.1578125 0.015625 0.03828125