0 0.05078125 0.5671875 0.1015625 0.19375
0 0.32734375 0.29140625 0.25 0.3125
0 0.9265625 0.40625 0.146875 0.40625
0 0.89453125 0.15859375 0.140625 0.228125
0 0.54375 0.28203125 0.1390625 0.1296875
0 0.64296875 0.29453125 0.08125 0.0796875
8 0.0453125 0.57734375 0.0453125 0.1171875
8 0.03046875 0.49296875 0.0609375 0.0359375
4 0.2890625 0.3140625 0.078125 0.1953125
2 0.38984375 0.28515625 0.078125 0.19375
9 0.52734375 0.30234375 0.0515625 0.08125
9 0.590625 0.290625 0.0296875 0.084375
7 0.9109375 0.14609375 0.0890625 0.1453125
12 0.63125 0.3078125 0.0296875 0.04375