0 0.46875 0.33828125 0.403125 0.5375
0 0.1296875 0.55 0.1484375 0.146875
0 0.7796875 0.3078125 0.221875 0.2296875
0 0.90859375 0.31015625 0.1046875 0.146875
8 0.14375 0.565625 0.046875 0.0515625
8 0.08359375 0.584375 0.025 0.0640625
8 0.12265625 0.5078125 0.0828125 0.0453125
4 0.39375 0.36796875 0.1125 0.3125
2 0.55390625 0.3265625 0.1296875 0.328125
9 0.75546875 0.32578125 0.084375 0.1375
9 0.85390625 0.3140625 0.0453125 0.1515625
12 0.88359375 0.32890625 0.0421875 0.0921875
9 0.76875 0.21875 0.059375 0.03125