0 0.2015625 0.4890625 0.4015625 0.559375
0 0.52890625 0.1109375 0.1921875 0.221875
0 0.853125 0.7140625 0.29375 0.571875
0 0.9296875 0.20703125 0.140625 0.2640625
0 0.6609375 0.08125 0.1234375 0.1328125
0 0.9171875 0.10703125 0.0265625 0.059375
12 0.14296875 0.53984375 0.1125 0.2234375
12 0.29375 0.528125 0.0875 0.221875
12 0.23203125 0.33125 0.134375 0.134375
11 0.509375 0.0859375 0.059375 0.1515625
11 0.58828125 0.08828125 0.04375 0.146875
6 0.64921875 0.078125 0.0671875 0.10625
6 0.69765625 0.08828125 0.0375 0.10625
9 0.965625 0.58359375 0.065625 0.0703125
9 0.884375 0.92890625 0.096875 0.1421875
9 0.81796875 0.71953125 0.1078125 0.2796875
7 0.9578125 0.18046875 0.084375 0.1921875