0 0.03984375 0.5375 0.0796875 0.2
0 0.38515625 0.25546875 0.228125 0.31484375
0 0.60703125 0.2734375 0.12578125 0.11484375
0 0.70234375 0.29765625 0.06484375 0.06328125
0 0.99296875 0.4171875 0.01328125 0.371875
0 0.97578125 0.17265625 0.0484375 0.234375
4 0.3390625 0.27890625 0.0546875 0.2171875
2 0.453125 0.26015625 0.05 0.21328125
8 0.03515625 0.54921875 0.0265625 0.121875
9 0.58828125 0.29140625 0.04453125 0.078125
9 0.6546875 0.28671875 0.0171875 0.0859375
12 0.68515625 0.3109375 0.02578125 0.03671875