0 0.07578125 0.60546875 0.1515625 0.4703125
0 0.66484375 0.64296875 0.30859375 0.65859375
0 0.26484375 0.13984375 0.16484375 0.24453125
0 0.415625 0.0953125 0.10078125 0.14296875
0 0.6640625 0.1078125 0.15390625 0.215625
0 0.96484375 0.1484375 0.0703125 0.16015625
12 0.078125 0.6078125 0.06328125 0.215625
12 0.01640625 0.415625 0.0328125 0.0515625
11 0.2421875 0.15625 0.0265625 0.1375
11 0.3203125 0.13671875 0.01640625 0.1359375
11 0.2609375 0.0359375 0.06796875 0.02109375
9 0.6390625 0.728125 0.11953125 0.28984375
9 0.671875 0.42109375 0.19140625 0.09375
7 0.65625 0.08671875 0.071875 0.1734375
6 0.40234375 0.115625 0.04609375 0.08828125
6 0.45390625 0.11015625 0.0234375 0.0953125
6 0.4171875 0.03984375 0.0546875 0.0265625
10 0.94765625 0.1578125 0.02265625 0.1046875