0 0.56484375 0.24140625 0.23125 0.41640625
0 0.05703125 0.35234375 0.1140625 0.37734375
0 0.2 0.096875 0.14921875 0.19296875
0 0.328125 0.109375 0.09140625 0.08828125
0 0.58359375 0.0234375 0.115625 0.04609375
0 0.93125 0.15234375 0.13671875 0.2171875
0 0.8703125 0.04921875 0.109375 0.0984375
6 0.04765625 0.346875 0.07734375 0.22890625
5 0.18125 0.0921875 0.053125 0.14140625
5 0.2578125 0.09140625 0.01953125 0.13203125
11 0.5609375 0.26015625 0.05859375 0.26875
9 0.9671875 0.1546875 0.05234375 0.14296875
9 0.89140625 0.1421875 0.025 0.13359375
10 0.32265625 0.12421875 0.0234375 0.05859375
7 0.58203125 0.021875 0.0359375 0.04375
2 0.83046875 0.03984375 0.01640625 0.0796875
3 0.88125 0.040625 0.0375 0.08046875