0 0.16796875 0.23984375 0.11875 0.16875
0 0.3546875 0.38984375 0.171875 0.2484375
0 0.41640625 0.29609375 0.0984375 0.0796875
0 0.66875 0.72890625 0.30625 0.5171875
0 0.6140625 0.26171875 0.1375 0.18125
0 0.93671875 0.428125 0.1265625 0.275
0 0.7984375 0.33671875 0.1109375 0.1375
10 0.58984375 0.7171875 0.0734375 0.24375
10 0.74453125 0.740625 0.0671875 0.2734375
10 0.6640625 0.51328125 0.1015625 0.0609375
5 0.9546875 0.4234375 0.090625 0.184375
11 0.7765625 0.31875 0.0203125 0.0515625
11 0.83125 0.321875 0.0140625 0.0578125
2 0.178125 0.2484375 0.05 0.115625
4 0.121875 0.24921875 0.0125 0.1125
13 0.30078125 0.38984375 0.0296875 0.15
13 0.38515625 0.3921875 0.0515625 0.1625
7 0.578125 0.259375 0.034375 0.1234375
7 0.64453125 0.26171875 0.0375 0.1265625