0 0.2078125 0.40546875 0.2375 0.2921875
0 0.51015625 0.75703125 0.3078125 0.45
0 0.45703125 0.31875 0.153125 0.1890625
0 0.2359375 0.26328125 0.121875 0.06875
0 0.5796875 0.38515625 0.096875 0.0921875
0 0.7265625 0.53046875 0.175 0.2421875
0 0.79765625 0.54765625 0.0515625 0.1046875
13 0.16015625 0.39765625 0.071875 0.165625
13 0.25546875 0.41484375 0.078125 0.165625
10 0.4734375 0.76171875 0.115625 0.221875
10 0.58671875 0.78046875 0.071875 0.2140625
10 0.55234375 0.596875 0.1046875 0.0671875
5 0.71875 0.528125 0.090625 0.1515625
7 0.43125 0.30859375 0.0625 0.1234375
7 0.48984375 0.3265625 0.0515625 0.115625
11 0.565625 0.38984375 0.025 0.0484375
11 0.60546875 0.4015625 0.01875 0.053125
0 0.37109375 0.3421875 0.0421875 0.0265625