0 0.08984375 0.21484375 0.1796875 0.25
0 0.55234375 0.4265625 0.1828125 0.31328125
0 0.33515625 0.26953125 0.11640625 0.1109375
0 0.63203125 0.2375 0.11796875 0.1890625
0 0.703125 0.26484375 0.03671875 0.07578125
0 0.97265625 0.37890625 0.0546875 0.21875
0 0.92265625 0.36796875 0.071875 0.0953125
13 0.53671875 0.434375 0.07578125 0.18671875
13 0.6265625 0.42109375 0.01875 0.19140625
2 0.128125 0.22421875 0.05546875 0.165625
4 0.025 0.228125 0.03828125 0.1703125
7 0.61953125 0.2296875 0.05078125 0.1203125
9 0.31171875 0.2734375 0.03203125 0.06875
9 0.371875 0.28203125 0.01953125 0.0703125
6 0.93515625 0.3828125 0.03984375 0.06484375
5 0.96875 0.3765625 0.02578125 0.1359375
12 0.44140625 0.309375 0.01953125 0.0265625
0 0.45 0.2984375 0.07734375 0.0515625