0 0.409375 0.3609375 0.3734375 0.57421875
0 0.0671875 0.49375 0.13359375 0.1390625
0 0.78203125 0.37578125 0.2046875 0.22734375
0 0.91875 0.39375 0.0921875 0.14921875
4 0.30546875 0.37421875 0.06640625 0.35703125
2 0.5046875 0.36328125 0.09609375 0.37421875
8 0.07578125 0.51796875 0.04453125 0.05703125
8 0.06796875 0.45078125 0.08671875 0.0359375
9 0.7515625 0.39140625 0.07109375 0.153125
9 0.8578125 0.4 0.02578125 0.17578125
9 0.78671875 0.2765625 0.06796875 0.0234375
12 0.890625 0.40703125 0.03203125 0.09921875
12 0.94921875 0.415625 0.01328125 0.10546875