0 0.3578125 0.29609375 0.2484375 0.321875
0 0.2703125 0.13046875 0.1453125 0.1265625
0 0.5421875 0.175 0.1578125 0.2078125
0 0.7640625 0.67109375 0.3078125 0.44375
0 0.8484375 0.403125 0.18125 0.240625
0 0.6234375 0.23203125 0.090625 0.090625
0 0.7859375 0.375 0.0359375 0.0859375
13 0.325 0.29375 0.09375 0.178125
13 0.41953125 0.3125 0.0671875 0.178125
9 0.24375 0.13203125 0.0453125 0.06875
9 0.3125 0.13203125 0.021875 0.0265625
7 0.525 0.16875 0.06875 0.1359375
7 0.58125 0.18828125 0.0453125 0.1234375
11 0.6109375 0.24140625 0.0296875 0.053125
5 0.8453125 0.403125 0.0984375 0.15
10 0.74921875 0.68828125 0.140625 0.2234375
10 0.803125 0.51328125 0.134375 0.0734375