0 0.09296875 0.175 0.1546875 0.259375
0 0.315625 0.24609375 0.128125 0.11875
0 0.50546875 0.4203125 0.209375 0.325
0 0.43125 0.28828125 0.0765625 0.065625
0 0.6109375 0.246875 0.134375 0.1953125
0 0.94765625 0.715625 0.1046875 0.4
0 0.9453125 0.41640625 0.109375 0.2296875
0 0.68046875 0.27578125 0.0484375 0.0796875
0 0.88203125 0.396875 0.06875 0.1
2 0.10390625 0.18515625 0.0734375 0.1703125
9 0.29140625 0.25390625 0.0390625 0.071875
9 0.35234375 0.26484375 0.0296875 0.0765625
13 0.48984375 0.43125 0.090625 0.1890625
13 0.57734375 0.425 0.0390625 0.184375
7 0.59765625 0.2421875 0.0625 0.134375
7 0.65625 0.2484375 0.0265625 0.1265625
12 0.42109375 0.2953125 0.021875 0.0328125
5 0.9734375 0.42734375 0.053125 0.1421875
10 0.94453125 0.7 0.05625 0.190625
5 0.92109375 0.4078125 0.0375 0.1328125
6 0.89140625 0.41484375 0.0390625 0.0640625