0 0.07578125 0.4640625 0.1515625 0.375
0 0.3046875 0.1734375 0.178125 0.2265625
0 0.43515625 0.4828125 0.3234375 0.4890625
0 0.45703125 0.17265625 0.1046875 0.11875
0 0.65859375 0.146875 0.1703125 0.246875
0 0.9671875 0.325 0.065625 0.2625
0 0.9828125 0.1546875 0.034375 0.153125
6 0.05390625 0.46328125 0.1078125 0.2171875
6 0.04609375 0.3109375 0.046875 0.046875
11 0.4109375 0.53046875 0.090625 0.2390625
11 0.47578125 0.309375 0.078125 0.0765625
11 0.54140625 0.49296875 0.053125 0.228125
5 0.2796875 0.18203125 0.06875 0.1328125
5 0.353125 0.18046875 0.0515625 0.1296875
10 0.4421875 0.1890625 0.0390625 0.071875
7 0.64453125 0.14921875 0.084375 0.1609375
9 0.9765625 0.31875 0.046875 0.15
7 0.7125 0.15234375 0.0390625 0.153125