0 0.04296875 0.49765625 0.0859375 0.184375
0 0.37890625 0.2453125 0.2109375 0.290625
0 0.59375 0.27265625 0.125 0.1109375
0 0.6921875 0.2984375 0.0703125 0.059375
0 0.9640625 0.440625 0.071875 0.396875
0 0.96015625 0.19140625 0.0796875 0.2234375
4 0.3359375 0.265625 0.04375 0.1984375
2 0.44296875 0.2484375 0.04375 0.19375
9 0.57421875 0.2890625 0.0390625 0.078125
9 0.640625 0.28671875 0.015625 0.08125
8 0.05 0.50625 0.0296875 0.11875
8 0.0390625 0.4203125 0.071875 0.028125
7 0.98515625 0.178125 0.028125 0.13125
12 0.67578125 0.31171875 0.025 0.0328125
12 0.71875 0.30859375 0.0078125 0.040625