0 0.24140625 0.43359375 0.421875 0.6390625
0 0.021875 0.51484375 0.04296875 0.1125
0 0.69765625 0.42578125 0.2046875 0.259375
0 0.84609375 0.428125 0.10703125 0.15703125
2 0.33515625 0.434375 0.12578125 0.403125
3 0.1109375 0.440625 0.065625 0.3859375
9 0.6625 0.44140625 0.06171875 0.165625
9 0.77109375 0.4515625 0.0328125 0.1890625
9 0.69765625 0.31640625 0.0703125 0.0265625
12 0.82265625 0.440625 0.03359375 0.09765625
12 0.840625 0.3640625 0.075 0.02109375
12 0.884375 0.44765625 0.0109375 0.11484375