0 0.21875 0.46796875 0.4015625 0.55
0 0.55859375 0.11484375 0.1953125 0.2296875
0 0.69375 0.09453125 0.1265625 0.1390625
0 0.9375 0.23046875 0.125 0.2765625
0 0.8390625 0.71875 0.321875 0.5625
12 0.159375 0.5109375 0.115625 0.21875
12 0.25625 0.3125 0.134375 0.13125
12 0.30546875 0.50859375 0.0953125 0.21875
11 0.540625 0.09296875 0.0640625 0.1515625
11 0.61640625 0.10078125 0.04375 0.1390625
6 0.67890625 0.09375 0.0703125 0.1078125
6 0.72890625 0.10625 0.046875 0.109375
7 0.96640625 0.20390625 0.0671875 0.2015625
9 0.95703125 0.59921875 0.078125 0.0765625
9 0.8609375 0.93125 0.115625 0.1375
9 0.80390625 0.72421875 0.115625 0.278125