0 0.19140625 0.31796875 0.271875 0.403125
0 0.04140625 0.27265625 0.0828125 0.2484375
0 0.27890625 0.06484375 0.125 0.1296875
0 0.534375 0.053125 0.14765625 0.10546875
0 0.44140625 0.0140625 0.0390625 0.028125
0 0.67265625 0.01484375 0.1046875 0.0296875
0 0.79296875 0.71796875 0.33125 0.56328125
0 0.92578125 0.16484375 0.1484375 0.3265625
11 0.12890625 0.35703125 0.040625 0.20078125
11 0.25078125 0.3296875 0.0421875 0.20625
11 0.1765625 0.16484375 0.10859375 0.059375
5 0.24921875 0.05546875 0.03046875 0.1109375
5 0.3109375 0.0453125 0.03125 0.08984375
7 0.50234375 0.034375 0.0453125 0.06875
7 0.5796875 0.03203125 0.03125 0.06328125
12 0.74296875 0.846875 0.08515625 0.25390625
12 0.79609375 0.5703125 0.1796875 0.11875
9 0.940625 0.18359375 0.071875 0.17890625
9 0.96796875 0.034375 0.0640625 0.03671875
6 0.0328125 0.296875 0.065625 0.15625