0 0.196875 0.5484375 0.2234375 0.2890625
0 0.20546875 0.40703125 0.1140625 0.0546875
0 0.42421875 0.3859375 0.14375 0.184375
0 0.35546875 0.4375 0.0265625 0.015625
0 0.58984375 0.78671875 0.3015625 0.4265625
0 0.76171875 0.51328125 0.1734375 0.253125
0 0.57421875 0.415625 0.0953125 0.0859375
0 0.8421875 0.50625 0.053125 0.1125
13 0.13984375 0.55703125 0.0625 0.1671875
13 0.24140625 0.5453125 0.071875 0.175
10 0.54921875 0.8375 0.1046875 0.2421875
10 0.67890625 0.82265625 0.06875 0.246875
10 0.578125 0.63359375 0.1125 0.0671875
5 0.74765625 0.51015625 0.084375 0.1578125
7 0.39375 0.38515625 0.0515625 0.1234375
7 0.4578125 0.38515625 0.04375 0.1171875
11 0.56015625 0.4234375 0.0234375 0.0515625
11 0.6046875 0.421875 0.015625 0.053125