0 0.05703125 0.340625 0.1140625 0.28125
0 0.31171875 0.40546875 0.3625 0.4890625
0 0.29296875 0.10078125 0.1890625 0.2015625
0 0.465625 0.0859375 0.1125 0.1265625
0 0.6125 0.10703125 0.1765625 0.209375
0 0.71484375 0.08671875 0.0703125 0.1078125
0 0.87578125 0.7734375 0.2390625 0.453125
0 0.94296875 0.3 0.1140625 0.290625
0 0.9828125 0.13828125 0.034375 0.0953125
11 0.26796875 0.45390625 0.09375 0.21875
11 0.4046875 0.425 0.0671875 0.209375
11 0.346875 0.2453125 0.1015625 0.090625
6 0.0359375 0.3546875 0.059375 0.1453125
5 0.2640625 0.09453125 0.06875 0.128125
5 0.3375 0.09453125 0.0546875 0.1265625
5 0.30390625 0.00703125 0.0734375 0.0140625
10 0.45078125 0.09609375 0.03125 0.0578125
7 0.6 0.0875 0.0828125 0.1578125
7 0.67109375 0.09765625 0.046875 0.1421875
9 0.971875 0.31875 0.05625 0.16875
9 0.99140625 0.19375 0.0171875 0.046875
12 0.94453125 0.659375 0.075 0.0734375
12 0.84453125 0.77265625 0.08125 0.23125
13 0.728125 0.1 0.0265625 0.078125
10 0.47734375 0.04453125 0.040625 0.0265625