0 0.05859375 0.3421875 0.1171875 0.26875
0 0.30546875 0.10625 0.1953125 0.2125
0 0.2921875 0.40078125 0.3859375 0.4953125
0 0.61953125 0.11328125 0.1875 0.221875
0 0.48203125 0.0953125 0.115625 0.121875
0 0.72734375 0.0953125 0.08125 0.1109375
0 0.8515625 0.775 0.28125 0.45
0 0.9421875 0.3125 0.115625 0.29375
11 0.24140625 0.44609375 0.1015625 0.215625
11 0.3828125 0.4234375 0.08125 0.20625
11 0.33046875 0.24375 0.1078125 0.090625
5 0.2765625 0.103125 0.071875 0.125
5 0.35 0.10703125 0.0609375 0.121875
5 0.32265625 0.01484375 0.0703125 0.0296875
7 0.6078125 0.0953125 0.0921875 0.1578125
7 0.67890625 0.10390625 0.0546875 0.1421875
6 0.034375 0.3546875 0.0609375 0.1421875
10 0.46796875 0.1046875 0.0265625 0.046875
10 0.49453125 0.059375 0.0375 0.0203125
13 0.703125 0.1078125 0.03125 0.0671875
13 0.74453125 0.11171875 0.0296875 0.0796875
9 0.96953125 0.32890625 0.0609375 0.1703125
12 0.92734375 0.6625 0.103125 0.0828125
12 0.87109375 0.91328125 0.1078125 0.1734375
12 0.80859375 0.77578125 0.0859375 0.23125