0 0.51484375 0.28046875 0.2 0.265625
0 0.4265625 0.12109375 0.1234375 0.1765625
0 0.65078125 0.69375 0.4453125 0.5984375
0 0.84375 0.24453125 0.203125 0.2359375
0 0.64921875 0.23828125 0.1046875 0.09375
2 0.42734375 0.12734375 0.065625 0.1171875
13 0.45625 0.26484375 0.046875 0.1484375
13 0.53125 0.29375 0.0875 0.1703125
10 0.53984375 0.634375 0.1078125 0.2703125
10 0.68828125 0.7328125 0.1578125 0.3234375
10 0.6875 0.46015625 0.0984375 0.078125
7 0.79609375 0.23046875 0.0640625 0.14375
7 0.86796875 0.2515625 0.078125 0.1515625