0 0.2515625 0.3046875 0.1953125 0.284375
0 0.15234375 0.16328125 0.1265625 0.096875
0 0.4234375 0.1546875 0.12109375 0.1828125
0 0.70703125 0.5796875 0.2078125 0.39296875
0 0.7625 0.3125 0.12890625 0.2140625
0 0.52421875 0.19765625 0.0796875 0.078125
10 0.69609375 0.59765625 0.08515625 0.20078125
10 0.715625 0.42109375 0.1171875 0.04609375
13 0.2171875 0.30859375 0.05625 0.17421875
13 0.31640625 0.30859375 0.03828125 0.17421875
9 0.1234375 0.1734375 0.03125 0.06640625
7 0.40234375 0.15078125 0.04609375 0.12734375
7 0.46484375 0.159375 0.021875 0.11796875
5 0.759375 0.31171875 0.06640625 0.1390625
5 0.51484375 0.20703125 0.01796875 0.04609375
5 0.5546875 0.2125 0.009375 0.04609375