0 0.34375 0.3984375 0.1921875 0.2640625
0 0.13828125 0.2609375 0.13125 0.1796875
0 0.69296875 0.715625 0.35 0.534375
0 0.925 0.4015625 0.15 0.2875
0 0.58828125 0.25546875 0.1515625 0.1921875
0 0.39140625 0.29921875 0.103125 0.0859375
0 0.7703125 0.29296875 0.1140625 0.0921875
13 0.37578125 0.40234375 0.065625 0.159375
13 0.28984375 0.40390625 0.0421875 0.1515625
2 0.14921875 0.26640625 0.059375 0.1203125
4 0.0921875 0.27265625 0.025 0.10625
10 0.61640625 0.7109375 0.096875 0.2484375
10 0.77109375 0.721875 0.0859375 0.2734375
10 0.67265625 0.5046875 0.10625 0.065625
5 0.94375 0.3953125 0.103125 0.184375
11 0.7515625 0.30234375 0.0234375 0.05
11 0.80625 0.3015625 0.0171875 0.0578125
7 0.55234375 0.2578125 0.0453125 0.1203125
7 0.61875 0.25234375 0.0453125 0.1234375