0 0.140625 0.2765625 0.28125 0.371875
0 0.434375 0.109375 0.146875 0.209375
0 0.33828125 0.13046875 0.065625 0.121875
0 0.7984375 0.5828125 0.328125 0.5734375
0 0.8421875 0.21171875 0.1765625 0.21875
0 0.54296875 0.1640625 0.075 0.0703125
5 0.20859375 0.26796875 0.075 0.2375
5 0.0640625 0.27578125 0.0796875 0.2484375
6 0.78671875 0.59453125 0.1859375 0.3359375
6 0.7984375 0.33671875 0.1890625 0.05625
7 0.41015625 0.10859375 0.05 0.14375
7 0.48046875 0.10625 0.028125 0.14375
2 0.334375 0.1328125 0.03125 0.0875
9 0.5234375 0.178125 0.0296875 0.04375
9 0.56640625 0.1734375 0.0140625 0.0484375
11 0.83828125 0.22265625 0.05 0.1671875