0 0.0625 0.63828125 0.12421875 0.4671875
0 0.62421875 0.634375 0.30546875 0.64140625
0 0.234375 0.153125 0.17265625 0.24765625
0 0.38828125 0.103125 0.10234375 0.1375
0 0.63203125 0.1046875 0.15 0.209375
0 0.98828125 0.2234375 0.0234375 0.209375
0 0.94921875 0.1296875 0.1015625 0.15703125
12 0.0453125 0.6359375 0.0671875 0.21328125
9 0.6015625 0.72109375 0.1171875 0.2859375
9 0.6328125 0.4125 0.1890625 0.09296875
11 0.21171875 0.1734375 0.03046875 0.13984375
11 0.290625 0.15078125 0.0203125 0.1375
11 0.22890625 0.05 0.06796875 0.015625
7 0.621875 0.08359375 0.06875 0.1671875
6 0.37734375 0.125 0.04296875 0.0859375
6 0.4265625 0.11875 0.0203125 0.1015625
6 0.38828125 0.04765625 0.05625 0.02109375
10 0.97109375 0.16171875 0.05 0.09140625
10 0.97734375 0.06875 0.0390625 0.0265625
10 0.91484375 0.14453125 0.01953125 0.1015625