0 0.03984375 0.53671875 0.0796875 0.2671875
0 0.1578125 0.209375 0.178125 0.2234375
0 0.26953125 0.49375 0.346875 0.475
0 0.45234375 0.1015625 0.1703125 0.203125
0 0.31953125 0.1375 0.10625 0.1140625
0 0.54296875 0.0453125 0.0734375 0.090625
0 0.91953125 0.65546875 0.1609375 0.5484375
0 0.871875 0.13515625 0.1875 0.2703125
11 0.24140625 0.55625 0.08125 0.2140625
11 0.36171875 0.47734375 0.0609375 0.2078125
11 0.240625 0.334375 0.103125 0.0828125
5 0.134375 0.228125 0.0609375 0.1234375
5 0.203125 0.20234375 0.05 0.121875
5 0.1390625 0.12578125 0.0703125 0.0296875
7 0.43359375 0.08671875 0.078125 0.15625
7 0.5015625 0.06875 0.040625 0.1375
6 0.01953125 0.55703125 0.0390625 0.1421875
10 0.309375 0.15234375 0.0234375 0.0453125
10 0.315625 0.1 0.0375 0.0171875
13 0.52578125 0.059375 0.025 0.0671875
13 0.565625 0.04609375 0.0203125 0.08125
9 0.87890625 0.14453125 0.0875 0.1671875
9 0.86015625 0.0171875 0.0578125 0.034375
12 0.953125 0.4734375 0.09375 0.075
12 0.9875 0.75 0.025 0.225
12 0.89453125 0.6265625 0.0625 0.234375