0 0.5171875 0.67734375 0.3828125 0.6453125
0 0.12265625 0.2625 0.225 0.31640625
0 0.51796875 0.1484375 0.1453125 0.2078125
0 0.32890625 0.196875 0.10859375 0.07109375
0 0.8890625 0.3203125 0.221875 0.3125
0 0.68046875 0.2203125 0.10546875 0.07265625
0 0.009375 0.290625 0.01875 0.1125
6 0.41015625 0.66875 0.10390625 0.39296875
6 0.61171875 0.67890625 0.1203125 0.38984375
11 0.86640625 0.30625 0.053125 0.2
11 0.98125 0.325 0.0234375 0.2046875
5 0.15234375 0.26484375 0.084375 0.209375
5 0.0390625 0.25703125 0.028125 0.21015625
7 0.47734375 0.14921875 0.03359375 0.1375
7 0.55078125 0.15234375 0.0375 0.13984375
9 0.6578125 0.22890625 0.02734375 0.04765625
9 0.7125 0.234375 0.0203125 0.04765625
13 0.3578125 0.2125 0.01328125 0.04375
13 0.3 0.20859375 0.0078125 0.04375