0 0.08671875 0.446875 0.1734375 0.33125
0 0.24609375 0.36875 0.134375 0.16171875
0 0.65078125 0.290625 0.2 0.3375
0 0.8125 0.8015625 0.37421875 0.396875
0 0.91484375 0.37265625 0.14140625 0.15859375
0 0.54765625 0.26328125 0.01171875 0.13515625
12 0.2359375 0.3953125 0.03828125 0.10859375
9 0.0109375 0.50390625 0.02109375 0.215625
9 0.1265625 0.4515625 0.0484375 0.21796875
9 0.0375 0.30859375 0.07421875 0.04375
7 0.6453125 0.2953125 0.10234375 0.234375
6 0.93125 0.39453125 0.05703125 0.09765625
6 0.915625 0.30625 0.07578125 0.03046875
6 0.859375 0.35 0.02734375 0.0515625
12 0.246875 0.3046875 0.0765625 0.0171875
12 0.29921875 0.384375 0.01484375 0.12265625
13 0.8765625 0.7515625 0.246875 0.159375