0 0.0484375 0.31953125 0.096875 0.2015625
0 0.27109375 0.46953125 0.221875 0.2890625
0 0.290625 0.34296875 0.109375 0.0609375
0 0.49921875 0.32578125 0.15625 0.1953125
0 0.659375 0.7546875 0.346875 0.484375
0 0.86015625 0.46875 0.2125 0.284375
0 0.6609375 0.36328125 0.1078125 0.1
0 0.96015625 0.46953125 0.075 0.1296875
10 0.60390625 0.7828125 0.1125 0.240625
10 0.7484375 0.784375 0.0875 0.25625
10 0.63984375 0.57890625 0.1140625 0.0796875
13 0.21875 0.47734375 0.0625 0.1609375
13 0.3125 0.4734375 0.0765625 0.1640625
2 0.03515625 0.32734375 0.0703125 0.1359375
7 0.46875 0.3265625 0.0546875 0.125
7 0.53125 0.3265625 0.05 0.121875
5 0.84453125 0.46796875 0.103125 0.1765625
11 0.6453125 0.37109375 0.028125 0.05
11 0.69453125 0.37265625 0.021875 0.05625