0 0.3921875 0.1921875 0.275 0.384375
0 0.059375 0.40234375 0.11875 0.2171875
0 0.73125 0.65546875 0.5375 0.6671875
0 0.859375 0.1828125 0.2171875 0.334375
0 0.6546875 0.1765625 0.1578125 0.1796875
12 0.0265625 0.43203125 0.053125 0.1328125
12 0.078125 0.39609375 0.05625 0.134375
12 0.01796875 0.3328125 0.0359375 0.04375
7 0.39765625 0.19453125 0.146875 0.2515625
13 0.75703125 0.55234375 0.365625 0.2390625
13 0.615625 0.8703125 0.10625 0.2296875
6 0.67421875 0.19765625 0.071875 0.10625
6 0.63984375 0.12109375 0.0671875 0.0421875
6 0.60625 0.178125 0.0375 0.0609375
5 0.85078125 0.1890625 0.1109375 0.19375