0 0.0671875 0.59921875 0.134375 0.4765625
0 0.61171875 0.64453125 0.3609375 0.665625
0 0.265625 0.13125 0.19375 0.2625
0 0.4234375 0.09453125 0.1140625 0.1453125
0 0.665625 0.11796875 0.1671875 0.221875
0 0.99453125 0.26640625 0.0109375 0.2109375
0 0.9609375 0.1703125 0.078125 0.165625
12 0.0390625 0.5953125 0.078125 0.21875
9 0.58203125 0.72890625 0.1421875 0.2953125
9 0.63984375 0.42421875 0.196875 0.109375
11 0.24140625 0.14921875 0.0421875 0.1421875
11 0.321875 0.13359375 0.0328125 0.1390625
11 0.26953125 0.028125 0.06875 0.021875
7 0.6578125 0.09609375 0.0828125 0.171875
6 0.41015625 0.115625 0.05 0.0890625
6 0.46015625 0.1140625 0.0296875 0.103125
6 0.428125 0.03984375 0.0578125 0.0265625
10 0.984375 0.20390625 0.03125 0.0953125
10 0.94453125 0.18203125 0.028125 0.103125