0 0.10078125 0.71953125 0.2015625 0.4828125
0 0.64765625 0.60859375 0.421875 0.6875
0 0.1734375 0.21015625 0.2171875 0.2765625
0 0.31484375 0.13203125 0.1265625 0.1546875
0 0.553125 0.1015625 0.1875 0.203125
0 0.9265625 0.13515625 0.0625 0.209375
0 0.86953125 0.06875 0.1296875 0.1375
12 0.0796875 0.7203125 0.10625 0.221875
9 0.6421875 0.69765625 0.1703125 0.303125
9 0.6140625 0.3890625 0.203125 0.1265625
11 0.1546875 0.234375 0.05625 0.14375
11 0.228125 0.196875 0.046875 0.1390625
11 0.14765625 0.11015625 0.0703125 0.028125
7 0.5390625 0.078125 0.1 0.15625
6 0.3078125 0.15546875 0.0578125 0.0921875
6 0.35546875 0.13984375 0.0390625 0.103125
6 0.30390625 0.07734375 0.059375 0.03125
10 0.89765625 0.078125 0.0671875 0.1
10 0.8390625 0.071875 0.0390625 0.103125