0 0.0921875 0.57890625 0.184375 0.3890625
0 0.18046875 0.2703125 0.1828125 0.2265625
0 0.50625 0.39921875 0.31875 0.465625
0 0.30859375 0.2421875 0.10625 0.10625
0 0.51328125 0.1171875 0.1703125 0.234375
0 0.82109375 0.059375 0.1515625 0.11875
0 0.8796875 0.1671875 0.1515625 0.2390625
6 0.07578125 0.57890625 0.128125 0.2265625
6 0.01640625 0.4390625 0.0328125 0.059375
11 0.50859375 0.43046875 0.1140625 0.25625
11 0.47109375 0.215625 0.0609375 0.04375
7 0.50703125 0.1140625 0.0921875 0.159375
10 0.303125 0.259375 0.0375 0.0609375
5 0.1609375 0.28046875 0.078125 0.1390625
5 0.23046875 0.2578125 0.0515625 0.1265625
9 0.85546875 0.1609375 0.0546875 0.1375
9 0.925 0.18359375 0.0484375 0.1125
2 0.8265625 0.040625 0.065625 0.08125
3 0.7765625 0.04765625 0.040625 0.0953125