0 0.5625 0.653125 0.5375 0.69375
0 0.11171875 0.36796875 0.2234375 0.3640625
0 0.4265625 0.15546875 0.19375 0.2390625
0 0.25625 0.2515625 0.1234375 0.096875
0 0.8296875 0.22578125 0.2953125 0.359375
0 0.6015625 0.1828125 0.1203125 0.096875
6 0.45703125 0.6859375 0.2015625 0.40625
6 0.65390625 0.64375 0.2171875 0.4078125
11 0.80390625 0.21796875 0.103125 0.20625
11 0.91953125 0.20625 0.075 0.203125
5 0.103125 0.3625 0.1359375 0.2234375
5 0.01640625 0.38359375 0.0328125 0.2109375
7 0.3875 0.1671875 0.06875 0.1421875
7 0.459375 0.15078125 0.071875 0.1453125
9 0.58203125 0.19765625 0.0390625 0.053125
9 0.63671875 0.18828125 0.03125 0.0515625
13 0.28828125 0.259375 0.0234375 0.0453125
13 0.23125 0.2703125 0.01875 0.04375