0 0.08984375 0.11953125 0.1796875 0.2296875
0 0.4875 0.071875 0.15 0.14375
0 0.25078125 0.05859375 0.115625 0.1109375
0 0.9078125 0.1234375 0.175 0.246875
0 0.80078125 0.065625 0.0921875 0.13125
0 0.46484375 0.5546875 0.309375 0.6171875
9 0.45546875 0.6484375 0.11875 0.2859375
9 0.4796875 0.33828125 0.1859375 0.0890625
11 0.05078125 0.1265625 0.040625 0.1515625
11 0.13984375 0.09609375 0.028125 0.1484375
6 0.23984375 0.06875 0.0515625 0.0890625
6 0.29296875 0.05703125 0.025 0.0984375
7 0.4828125 0.05 0.071875 0.1
13 0.94609375 0.16171875 0.0875 0.165625
13 0.93515625 0.01484375 0.0546875 0.0296875
13 0.85234375 0.128125 0.0375 0.146875
10 0.8203125 0.084375 0.040625 0.090625
10 0.76875 0.07109375 0.015625 0.103125