0 0.06953125 0.49140625 0.1390625 0.3796875
0 0.26875 0.20546875 0.1578125 0.2140625
0 0.496875 0.4734375 0.2703125 0.4625
0 0.4078125 0.20625 0.0953125 0.1046875
0 0.6296875 0.16640625 0.1453125 0.2296875
0 0.95546875 0.32890625 0.0890625 0.2390625
0 0.95078125 0.1640625 0.0984375 0.1625
6 0.05546875 0.48984375 0.1 0.2125
6 0.0359375 0.33125 0.0484375 0.046875
11 0.4828125 0.51328125 0.0734375 0.24375
11 0.521875 0.2875 0.0625 0.0484375
5 0.2453125 0.21015625 0.0578125 0.13125
5 0.31953125 0.209375 0.034375 0.128125
10 0.39609375 0.22421875 0.03125 0.0625
7 0.62109375 0.16640625 0.06875 0.153125
9 0.94609375 0.31953125 0.0328125 0.1421875
9 0.9921875 0.36484375 0.015625 0.1140625
3 0.971875 0.1671875 0.053125 0.1046875
2 0.91953125 0.1640625 0.028125 0.103125