0 0.1828125 0.3328125 0.2625 0.31875
0 0.41015625 0.32265625 0.1390625 0.1359375
0 0.79296875 0.45 0.2875 0.4140625
0 0.73203125 0.2 0.159375 0.1859375
0 0.5109375 0.3296875 0.0921875 0.09375
4 0.13984375 0.35390625 0.084375 0.1890625
2 0.2453125 0.33046875 0.084375 0.1890625
9 0.39453125 0.33515625 0.0515625 0.0828125
9 0.45625 0.3265625 0.03125 0.0828125
13 0.7921875 0.46640625 0.1421875 0.228125
13 0.76640625 0.28828125 0.1296875 0.0546875
7 0.728125 0.2140625 0.0890625 0.140625
12 0.50234375 0.34140625 0.0359375 0.0578125
12 0.54140625 0.334375 0.01875 0.0515625