0 0.18046875 0.5921875 0.28125 0.45390625
0 0.84765625 0.6734375 0.3046875 0.653125
0 0.42109375 0.146875 0.14765625 0.24375
0 0.55859375 0.0984375 0.0984375 0.14453125
0 0.8453125 0.11640625 0.1796875 0.23203125
12 0.12890625 0.64140625 0.065625 0.19296875
12 0.16796875 0.440625 0.10625 0.103125
12 0.259375 0.59765625 0.0515625 0.20078125
11 0.3984375 0.16640625 0.025 0.13515625
11 0.47265625 0.146875 0.0140625 0.13203125
11 0.4203125 0.0453125 0.06640625 0.0171875
6 0.5453125 0.11953125 0.04296875 0.09140625
6 0.59609375 0.11484375 0.0171875 0.10078125
6 0.56015625 0.04296875 0.0578125 0.02265625
9 0.859375 0.81015625 0.1484375 0.303125
9 0.89140625 0.478125 0.2171875 0.109375
7 0.83515625 0.09296875 0.08203125 0.18515625