0 0.1953125 0.5375 0.215625 0.2828125
0 0.20859375 0.396875 0.1125 0.0515625
0 0.42890625 0.3828125 0.1390625 0.18125
0 0.3578125 0.4328125 0.0265625 0.015625
0 0.5796875 0.78984375 0.2875 0.4203125
0 0.7609375 0.52265625 0.165625 0.2484375
0 0.5765625 0.41796875 0.09375 0.0828125
0 0.8421875 0.51796875 0.0484375 0.1109375
13 0.13828125 0.54453125 0.05625 0.165625
13 0.23984375 0.5359375 0.0671875 0.1734375
10 0.5375 0.83828125 0.096875 0.240625
10 0.66796875 0.82890625 0.0609375 0.246875
10 0.5734375 0.63671875 0.1109375 0.0625
5 0.746875 0.51953125 0.0796875 0.15625
7 0.39765625 0.38203125 0.046875 0.1234375
7 0.46171875 0.38359375 0.040625 0.1171875
11 0.5625 0.42578125 0.021875 0.0515625
11 0.60703125 0.42578125 0.0125 0.053125