0 0.17109375 0.546875 0.3421875 0.4890625
0 0.81171875 0.6875 0.3765625 0.625
0 0.47109375 0.1390625 0.1796875 0.2625
0 0.6140625 0.11015625 0.1171875 0.15625
0 0.89453125 0.16796875 0.2109375 0.2546875
12 0.1125 0.58828125 0.0921875 0.2
12 0.1796875 0.3953125 0.1203125 0.1171875
12 0.2484375 0.56328125 0.0796875 0.20625
11 0.44609375 0.15546875 0.04375 0.1375
11 0.521875 0.146875 0.0328125 0.1328125
11 0.484375 0.03828125 0.06875 0.0265625
6 0.59765625 0.1296875 0.0546875 0.096875
6 0.6484375 0.13203125 0.03125 0.1015625
6 0.6234375 0.05546875 0.0609375 0.03125
9 0.81171875 0.8484375 0.1890625 0.303125
9 0.8875 0.53203125 0.225 0.1390625
7 0.88828125 0.14375 0.10625 0.1953125