0 0.4875 0.36015625 0.3625 0.525
0 0.11484375 0.48125 0.1375 0.14375
0 0.81171875 0.39296875 0.2015625 0.2171875
0 0.9375 0.421875 0.090625 0.1421875
4 0.4015625 0.3671875 0.084375 0.3203125
8 0.1234375 0.5015625 0.0421875 0.0515625
8 0.1171875 0.43828125 0.0875 0.0375
2 0.578125 0.36640625 0.1015625 0.3375
9 0.7828125 0.40625 0.071875 0.1359375
9 0.8828125 0.42421875 0.03125 0.1546875
12 0.90859375 0.434375 0.034375 0.0890625
12 0.96640625 0.44296875 0.015625 0.1015625
8 0.0609375 0.51015625 0.01875 0.071875