0 0.18515625 0.39921875 0.2984375 0.42578125
0 0.1734375 0.096875 0.15234375 0.19296875
0 0.35390625 0.04453125 0.0828125 0.08828125
0 0.0109375 0.43671875 0.021875 0.1140625
0 0.46796875 0.0625 0.1484375 0.125
0 0.88125 0.1265625 0.1625 0.253125
0 0.8640625 0.6765625 0.271875 0.559375
0 0.58125 0.0140625 0.08046875 0.028125
11 0.1375 0.45625 0.05390625 0.20390625
11 0.26953125 0.3984375 0.0390625 0.2046875
11 0.17109375 0.24296875 0.1015625 0.07578125
5 0.14921875 0.1140625 0.0421875 0.11796875
5 0.21796875 0.0953125 0.0359375 0.11875
7 0.446875 0.0453125 0.05 0.090625
7 0.52109375 0.040625 0.0234375 0.08046875
9 0.87578125 0.1328125 0.0625 0.1625
12 0.8484375 0.7609375 0.09453125 0.23046875
12 0.865625 0.49765625 0.17578125 0.08359375
10 0.34375 0.0546875 0.0140625 0.0328125
13 0.559375 0.0140625 0.025 0.028125