0 0.3265625 0.38671875 0.5125 0.68125
0 0.05234375 0.4421875 0.1046875 0.146875
0 0.7546875 0.453125 0.25 0.2828125
0 0.90078125 0.4828125 0.13125 0.1734375
2 0.42265625 0.4 0.1921875 0.4125
4 0.20703125 0.37421875 0.1359375 0.38125
8 0.028125 0.46875 0.05625 0.065625
8 0.0453125 0.3984375 0.071875 0.0421875
9 0.71953125 0.465625 0.0953125 0.16875
9 0.825 0.49375 0.0578125 0.1921875
9 0.7734375 0.34609375 0.078125 0.0390625
12 0.8703125 0.49453125 0.0515625 0.1015625
12 0.903125 0.41875 0.0796875 0.034375
12 0.93359375 0.5109375 0.0328125 0.1125