0 0.1078125 0.3015625 0.215625 0.4140625
0 0.4375 0.278125 0.1140625 0.1890625
0 0.6125 0.384375 0.2 0.30625
0 0.11640625 0.09140625 0.1203125 0.028125
0 0.871875 0.865625 0.23125 0.26875
0 0.17109375 0.875 0.3421875 0.234375
7 0.0984375 0.33203125 0.1203125 0.2375
7 0.09140625 0.12890625 0.146875 0.046875
5 0.55625 0.39453125 0.05 0.1609375
5 0.6421875 0.409375 0.065625 0.15625
5 0.63046875 0.271875 0.0765625 0.059375
6 0.44921875 0.2984375 0.0546875 0.1078125
6 0.44296875 0.2046875 0.05625 0.0375
6 0.39609375 0.28046875 0.025 0.109375
10 0.934375 0.88359375 0.096875 0.1046875