0 0.14375 0.3109375 0.2875 0.3875
0 0.30234375 0.08984375 0.13125 0.1796875
0 0.40078125 0.10859375 0.06875 0.0796875
0 0.8296875 0.17734375 0.303125 0.3546875
0 0.665625 0.0375 0.059375 0.075
0 0.61953125 0.03203125 0.0390625 0.0640625
0 0.984375 0.096875 0.03125 0.19375
6 0.10859375 0.3203125 0.125 0.2515625
6 0.246875 0.30625 0.0515625 0.2390625
6 0.1484375 0.13359375 0.1375 0.0265625
5 0.2921875 0.07421875 0.05625 0.1484375
5 0.359375 0.0765625 0.0109375 0.134375
10 0.38984375 0.12109375 0.0234375 0.0515625
11 0.8515625 0.15390625 0.0703125 0.2921875
11 0.7078125 0.12421875 0.0234375 0.2484375