0 0.05546875 0.6734375 0.1109375 0.359375
0 0.10859375 0.19765625 0.2171875 0.2796875
0 0.5640625 0.590625 0.4015625 0.66875
0 0.25859375 0.1171875 0.13125 0.153125
0 0.4921875 0.0953125 0.171875 0.190625
0 0.88671875 0.11484375 0.1390625 0.2296875
0 0.8140625 0.0609375 0.140625 0.121875
9 0.5625 0.68125 0.1609375 0.2984375
9 0.53984375 0.37265625 0.1953125 0.1171875
7 0.48515625 0.07109375 0.0921875 0.1421875
11 0.0875 0.22421875 0.0609375 0.1515625
11 0.16484375 0.184375 0.046875 0.140625
11 0.08125 0.09453125 0.0765625 0.028125
13 0.875 0.10625 0.0640625 0.153125
10 0.83125 0.06640625 0.0625 0.0984375
6 0.25078125 0.1421875 0.065625 0.0953125
6 0.29921875 0.125 0.0390625 0.096875
6 0.24921875 0.06171875 0.0609375 0.03125