0 0.071875 0.14296875 0.090625 0.2359375
0 0.271875 0.2203125 0.1390625 0.1203125
0 0.42421875 0.38359375 0.21875 0.315625
0 0.8859375 0.6953125 0.228125 0.421875
0 0.56015625 0.22578125 0.1375 0.1921875
0 0.90390625 0.403125 0.171875 0.228125
0 0.8234375 0.38125 0.05 0.09375
0 0.6359375 0.26328125 0.0640625 0.0796875
13 0.403125 0.39140625 0.084375 0.1828125
13 0.49453125 0.3921875 0.0453125 0.1765625
2 0.05703125 0.1484375 0.0546875 0.16875
9 0.2453125 0.22421875 0.0375 0.0703125
9 0.30859375 0.2390625 0.0296875 0.075
7 0.54765625 0.221875 0.059375 0.128125
7 0.603125 0.23125 0.0296875 0.121875
10 0.91640625 0.72890625 0.1234375 0.2203125
5 0.90703125 0.4078125 0.084375 0.1453125
6 0.8296875 0.39921875 0.0234375 0.0609375
11 0.6203125 0.271875 0.0234375 0.0484375