0 0.040625 0.48828125 0.08125 0.1828125
0 0.36640625 0.26484375 0.2046875 0.28046875
0 0.9484375 0.484375 0.103125 0.39453125
0 0.94765625 0.23203125 0.1046875 0.21328125
0 0.58125 0.29296875 0.121875 0.11015625
0 0.6765625 0.32265625 0.07109375 0.06875
8 0.0390625 0.49765625 0.0265625 0.1140625
8 0.034375 0.4109375 0.06796875 0.02421875
4 0.32421875 0.28046875 0.0453125 0.190625
2 0.42890625 0.26953125 0.0453125 0.1890625
9 0.5609375 0.31015625 0.03828125 0.07578125
9 0.62578125 0.309375 0.01640625 0.08203125
7 0.96640625 0.22265625 0.0671875 0.1359375
12 0.6625 0.33359375 0.0234375 0.03984375