0 0.13359375 0.25078125 0.2515625 0.3546875
0 0.290625 0.18203125 0.1078125 0.0859375
0 0.49609375 0.1546875 0.165625 0.215625
0 0.625 0.234375 0.1046875 0.075
0 0.56484375 0.6765625 0.415625 0.646875
0 0.85 0.3484375 0.2171875 0.2953125
0 0.93203125 0.38359375 0.03125 0.1046875
5 0.15859375 0.2515625 0.10625 0.225
5 0.0421875 0.234375 0.053125 0.2234375
13 0.25078125 0.19140625 0.015625 0.05
13 0.31171875 0.19921875 0.01875 0.0453125
9 0.60625 0.2421875 0.0328125 0.05
9 0.65390625 0.25078125 0.021875 0.0484375
11 0.8359375 0.33671875 0.0703125 0.1859375
11 0.92734375 0.35625 0.0359375 0.171875
6 0.5015625 0.6671875 0.178125 0.3703125
6 0.60625 0.4125 0.19375 0.071875
6 0.68203125 0.675 0.1140625 0.359375
7 0.46328125 0.15078125 0.0546875 0.1390625
7 0.534375 0.16015625 0.05 0.140625