0 0.19609375 0.43046875 0.18984375 0.2578125
0 0.56953125 0.70859375 0.22109375 0.40078125
0 0.72734375 0.44453125 0.13203125 0.2171875
0 0.1875 0.28515625 0.11171875 0.04375
0 0.3375 0.334375 0.03984375 0.015625
0 0.4171875 0.2921875 0.12109375 0.171875
0 0.54921875 0.334375 0.0828125 0.0796875
0 0.79609375 0.44609375 0.02890625 0.1015625
10 0.53515625 0.71875 0.0703125 0.2
10 0.57578125 0.54375 0.09609375 0.0453125
10 0.64765625 0.71328125 0.028125 0.2046875
13 0.15 0.4359375 0.04140625 0.1546875
13 0.24609375 0.4328125 0.04296875 0.1640625
7 0.3921875 0.290625 0.0375 0.11796875
7 0.4515625 0.29765625 0.02734375 0.1140625
11 0.53671875 0.3421875 0.0171875 0.04921875
11 0.578125 0.34609375 0.0078125 0.05390625
5 0.7171875 0.44453125 0.06328125 0.1375