0 0.19296875 0.25546875 0.21015625 0.275
0 0.74375 0.484375 0.19765625 0.35703125
13 0.7453125 0.49921875 0.09609375 0.20234375
7 0.7484375 0.25078125 0.05390625 0.128125
4 0.14609375 0.26875 0.04296875 0.1828125
2 0.2515625 0.26484375 0.04921875 0.17890625
0 0.4234375 0.29375 0.11875 0.11640625
0 0.521875 0.32109375 0.0765625 0.0796875
0 0.7546875 0.2390625 0.1203125 0.15859375
9 0.4046875 0.303125 0.034375 0.0796875
9 0.46640625 0.30859375 0.015625 0.0796875
12 0.5125 0.33515625 0.0203125 0.04375
12 0.5515625 0.334375 0.009375 0.05390625