0 0.23984375 0.6296875 0.43125 0.584375
0 0.35234375 0.1296875 0.2015625 0.2390625
0 0.8 0.075 0.225 0.15
0 0.90234375 0.5640625 0.1953125 0.653125
0 0.45625 0.05625 0.121875 0.1125
12 0.21328125 0.70234375 0.1234375 0.2265625
12 0.196875 0.471875 0.1421875 0.1421875
12 0.34140625 0.62109375 0.0984375 0.2234375
11 0.3265625 0.1171875 0.06875 0.1515625
11 0.3984375 0.08515625 0.0515625 0.1453125
9 0.9203125 0.5546875 0.1328125 0.2921875
7 0.79765625 0.0421875 0.1328125 0.084375
6 0.44296875 0.0484375 0.0703125 0.096875
6 0.4921875 0.0421875 0.040625 0.084375