0 0.08359375 0.178125 0.134375 0.253125
0 0.3 0.259375 0.1296875 0.1171875
0 0.47734375 0.4359375 0.209375 0.3203125
0 0.59140625 0.26953125 0.1328125 0.190625
0 0.41328125 0.3 0.0625 0.05625
0 0.93046875 0.45625 0.1390625 0.2375
0 0.92421875 0.7546875 0.1453125 0.4109375
0 0.85625 0.4265625 0.0640625 0.103125
0 0.66171875 0.303125 0.053125 0.0796875
2 0.084375 0.1890625 0.0734375 0.1734375
13 0.4578125 0.44296875 0.0875 0.1796875
13 0.5453125 0.4453125 0.040625 0.1828125
9 0.275 0.265625 0.0375 0.071875
9 0.3359375 0.2765625 0.028125 0.078125
7 0.578125 0.26640625 0.0578125 0.1296875
7 0.6359375 0.275 0.028125 0.11875
5 0.95625 0.4625 0.0859375 0.1453125
5 0.88984375 0.440625 0.03125 0.1296875
10 0.89609375 0.725 0.0453125 0.190625
5 0.8640625 0.44765625 0.0328125 0.0609375
11 0.64609375 0.3140625 0.0171875 0.05