0 0.3921875 0.39140625 0.3859375 0.590625
0 0.06484375 0.503125 0.1296875 0.1375
0 0.7828125 0.4078125 0.2078125 0.240625
0 0.921875 0.4234375 0.103125 0.1546875
4 0.2859375 0.39921875 0.06875 0.3578125
2 0.48671875 0.396875 0.103125 0.371875
8 0.07265625 0.52890625 0.040625 0.05625
8 0.0671875 0.4625 0.0828125 0.0375
9 0.7515625 0.42265625 0.0671875 0.1546875
9 0.8609375 0.4359375 0.0265625 0.178125
9 0.784375 0.30390625 0.0703125 0.0296875
12 0.89296875 0.43828125 0.0359375 0.0953125
12 0.95859375 0.44453125 0.0171875 0.1109375