0 0.20625 0.3046875 0.203125 0.284375
0 0.3859375 0.146875 0.12109375 0.1796875
0 0.11328125 0.16796875 0.1265625 0.0953125
0 0.65703125 0.55703125 0.19453125 0.3859375
0 0.72109375 0.2890625 0.12109375 0.2046875
0 0.49453125 0.18359375 0.0765625 0.06875
13 0.17109375 0.30859375 0.05703125 0.1625
13 0.27265625 0.30390625 0.03515625 0.171875
7 0.36640625 0.14453125 0.04609375 0.12578125
7 0.42734375 0.1484375 0.02421875 0.11875
5 0.71796875 0.28671875 0.0609375 0.13359375
11 0.484375 0.19296875 0.01796875 0.04765625
9 0.0828125 0.1796875 0.0328125 0.06640625