0 0.0953125 0.36953125 0.190625 0.4265625
0 0.14375 0.13984375 0.16875 0.1734375
0 0.24765625 0.115625 0.1015625 0.1046875
0 0.6375 0.17109375 0.33125 0.3421875
0 0.478125 0.02890625 0.034375 0.0578125
0 0.453125 0.0234375 0.034375 0.046875
0 0.84765625 0.065625 0.1609375 0.13125
6 0.0234375 0.39609375 0.046875 0.2578125
6 0.1015625 0.359375 0.109375 0.246875
6 0.0203125 0.203125 0.040625 0.053125
5 0.12734375 0.1265625 0.078125 0.1234375
5 0.19765625 0.10859375 0.034375 0.109375
10 0.24453125 0.13203125 0.0328125 0.0578125
10 0.2859375 0.125 0.0171875 0.0515625
11 0.64296875 0.134375 0.1203125 0.26875
11 0.51328125 0.1140625 0.0640625 0.228125
9 0.82109375 0.04296875 0.0515625 0.0859375
9 0.8921875 0.04296875 0.059375 0.0859375