0 0.61328125 0.25859375 0.30625 0.453125
0 0.09296875 0.2703125 0.184375 0.3921875
0 0.28203125 0.07734375 0.1828125 0.1546875
0 0.40546875 0.08359375 0.10625 0.1046875
0 0.67265625 0.0484375 0.121875 0.0671875
0 0.95078125 0.24140625 0.0984375 0.2390625
0 0.94296875 0.12734375 0.1140625 0.1171875
6 0.08515625 0.26328125 0.1203125 0.2390625
5 0.26484375 0.05625 0.0796875 0.1125
5 0.3390625 0.059375 0.04375 0.11875
11 0.60546875 0.2765625 0.109375 0.275
9 0.9921875 0.25 0.015625 0.15
9 0.95234375 0.2234375 0.05 0.1359375
10 0.39765625 0.09765625 0.034375 0.0625
7 0.671875 0.04609375 0.04375 0.05
2 0.9125 0.11171875 0.03125 0.08125
3 0.96171875 0.121875 0.0515625 0.0859375