0 0.32421875 0.4015625 0.3234375 0.4515625
0 0.13828125 0.31484375 0.1078125 0.1984375
0 0.46953125 0.17890625 0.1546875 0.2203125
0 0.29140625 0.16953125 0.096875 0.0734375
0 0.896875 0.26328125 0.1828125 0.253125
5 0.2953125 0.40703125 0.14375 0.2984375
5 0.4375 0.3796875 0.059375 0.2625
13 0.14296875 0.3171875 0.0546875 0.13125
7 0.459375 0.175 0.06875 0.1578125
7 0.52265625 0.16953125 0.0296875 0.1421875
2 0.2765625 0.18203125 0.0359375 0.04375
3 0.325 0.17734375 0.01875 0.040625
11 0.92734375 0.26015625 0.0625 0.1609375
6 0.98046875 0.5765625 0.0390625 0.296875
11 0.8390625 0.265625 0.0375 0.1453125
0 0.78515625 0.2890625 0.1 0.0984375
12 0.79296875 0.29765625 0.0375 0.0703125