0 0.2140625 0.3953125 0.29375 0.42890625
0 0.0171875 0.41171875 0.034375 0.1984375
0 0.18671875 0.09765625 0.15078125 0.1953125
0 0.3671875 0.04453125 0.09375 0.08828125
0 0.4859375 0.0625 0.14375 0.125
0 0.59453125 0.015625 0.07265625 0.03125
0 0.903125 0.13046875 0.16328125 0.26015625
0 0.8859375 0.67734375 0.228125 0.5609375
11 0.17109375 0.45390625 0.04921875 0.20390625
11 0.30234375 0.39296875 0.03515625 0.20625
11 0.20625 0.2359375 0.0984375 0.07265625
12 0.9109375 0.4953125 0.178125 0.08125
12 0.9 0.76484375 0.0984375 0.234375
7 0.4671875 0.0453125 0.0515625 0.08984375
7 0.53984375 0.03984375 0.021875 0.0796875
9 0.89765625 0.1375 0.0625 0.16171875
9 0.909375 0.009375 0.0375 0.01875
5 0.1625 0.11171875 0.03984375 0.1203125
5 0.23125 0.09296875 0.03125 0.121875
10 0.3546875 0.0546875 0.0140625 0.0328125
13 0.5734375 0.01796875 0.0265625 0.0359375