0 0.18046875 0.4671875 0.3609375 0.478125
0 0.096875 0.1734375 0.1890625 0.2203125
0 0.2625 0.08515625 0.1 0.103125
0 0.015625 0.5390625 0.03125 0.115625
0 0.37734375 0.07890625 0.171875 0.153125
0 0.79453125 0.09765625 0.2109375 0.1953125
0 0.85078125 0.596875 0.2984375 0.603125
0 0.478125 0.01484375 0.084375 0.0296875
11 0.1359375 0.5328125 0.0953125 0.2109375
11 0.253125 0.4484375 0.08125 0.2078125
11 0.125 0.3171875 0.115625 0.0953125
5 0.0765625 0.1953125 0.065625 0.1234375
5 0.13984375 0.1625 0.059375 0.1234375
7 0.353125 0.06640625 0.0671875 0.0984375
7 0.425 0.04609375 0.0390625 0.0828125
9 0.79140625 0.07421875 0.0953125 0.1484375
12 0.8953125 0.6828125 0.140625 0.2453125
12 0.85703125 0.421875 0.1890625 0.11875
10 0.2546875 0.096875 0.0203125 0.034375
13 0.45703125 0.0140625 0.0296875 0.028125