0 0.21796875 0.47734375 0.3875 0.54375
0 0.54609375 0.11328125 0.1890625 0.2265625
0 0.6796875 0.0875 0.1234375 0.1375
0 0.934375 0.2140625 0.13125 0.271875
0 0.8484375 0.7125 0.303125 0.575
12 0.159375 0.52265625 0.1078125 0.21875
12 0.25 0.32109375 0.1328125 0.128125
12 0.30546875 0.515625 0.0875 0.21875
11 0.52578125 0.0921875 0.059375 0.1515625
11 0.60234375 0.096875 0.0390625 0.140625
6 0.6640625 0.0875 0.0671875 0.10625
6 0.71484375 0.0984375 0.04375 0.109375
7 0.9625 0.1875 0.075 0.2
9 0.96015625 0.58359375 0.0765625 0.075
9 0.87734375 0.925 0.1078125 0.15
9 0.81171875 0.71328125 0.10625 0.278125