0 0.2546875 0.56875 0.2671875 0.446875
0 0.4921875 0.1390625 0.14609375 0.2515625
0 0.63046875 0.0921875 0.10390625 0.14921875
0 0.8875 0.68203125 0.225 0.634375
0 0.9203125 0.12578125 0.15859375 0.25078125
12 0.20703125 0.61640625 0.05859375 0.19296875
12 0.33203125 0.58359375 0.04765625 0.19609375
12 0.246875 0.4234375 0.1015625 0.0953125
11 0.46953125 0.15703125 0.025 0.1390625
11 0.54296875 0.13984375 0.0140625 0.1375
11 0.49140625 0.03671875 0.065625 0.0171875
6 0.61484375 0.1140625 0.04453125 0.09140625
6 0.6328125 0.03515625 0.05703125 0.02265625
6 0.66640625 0.11015625 0.0203125 0.1046875
7 0.9296875 0.0984375 0.0921875 0.196875
9 0.94140625 0.85 0.1171875 0.3
9 0.94296875 0.48828125 0.1140625 0.07421875