0 0.06640625 0.21171875 0.1328125 0.2484375
0 0.29453125 0.26328125 0.11875 0.10859375
0 0.4984375 0.4203125 0.1828125 0.3109375
0 0.41328125 0.2953125 0.071875 0.059375
0 0.58828125 0.23828125 0.11875 0.18515625
0 0.96484375 0.67578125 0.0703125 0.3953125
0 0.94609375 0.378125 0.10703125 0.221875
0 0.66015625 0.2609375 0.0421875 0.07578125
0 0.871875 0.3640625 0.0609375 0.0953125
2 0.078125 0.22109375 0.059375 0.16640625
9 0.27109375 0.27265625 0.0328125 0.06875
9 0.3328125 0.27890625 0.02265625 0.07421875
13 0.48359375 0.43203125 0.07421875 0.18359375
13 0.5703125 0.41875 0.02265625 0.18359375
7 0.575 0.234375 0.0515625 0.1296875
7 0.63359375 0.2359375 0.01640625 0.12578125
12 0.40390625 0.303125 0.01875 0.03203125
5 0.97265625 0.3859375 0.0546875 0.1375
10 0.96015625 0.66015625 0.040625 0.1875
5 0.91171875 0.37109375 0.0265625 0.13125
6 0.8828125 0.38125 0.034375 0.0609375