0 0.59765625 0.53828125 0.2109375 0.384375
0 0.1328125 0.32578125 0.23125 0.296875
0 0.05546875 0.1921875 0.1109375 0.1
0 0.3171875 0.153125 0.134375 0.190625
0 0.4328125 0.18515625 0.084375 0.0796875
0 0.65703125 0.26953125 0.1265625 0.2078125
13 0.09609375 0.33203125 0.0640625 0.1796875
13 0.2015625 0.31875 0.046875 0.1796875
10 0.5875 0.55703125 0.0890625 0.1984375
10 0.59609375 0.3828125 0.1109375 0.04375
5 0.65234375 0.271875 0.0640625 0.1328125
7 0.29765625 0.15078125 0.05 0.128125
7 0.36015625 0.15234375 0.0296875 0.1203125
9 0.0125 0.20390625 0.025 0.0671875
11 0.4234375 0.196875 0.021875 0.0484375