0 0.059375 0.59140625 0.11875 0.3515625
0 0.440625 0.5234375 0.2765625 0.46875
0 0.21328125 0.26484375 0.159375 0.2125
0 0.3609375 0.234375 0.0953125 0.103125
0 0.55703125 0.16953125 0.14375 0.2296875
0 0.621875 0.1609375 0.0171875 0.09375
0 0.9078125 0.096875 0.128125 0.1640625
0 0.93203125 0.271875 0.121875 0.2453125
11 0.43046875 0.5734375 0.06875 0.240625
11 0.54609375 0.50859375 0.025 0.23125
11 0.4390625 0.3421875 0.06875 0.059375
5 0.1921875 0.27734375 0.0546875 0.1296875
5 0.2640625 0.2625 0.034375 0.1234375
6 0.0421875 0.6 0.084375 0.2125
6 0.0078125 0.44453125 0.015625 0.0265625
10 0.3484375 0.25390625 0.0328125 0.0625
7 0.546875 0.1703125 0.0671875 0.1515625
9 0.9671875 0.28359375 0.0484375 0.15
9 0.89921875 0.2640625 0.03125 0.140625
2 0.91171875 0.103125 0.05625 0.1125
3 0.859375 0.1015625 0.01875 0.1015625